0.578715 0.000010 0.000010 0.421205 0.000010 0.000010 0.000010 0.000010 0.000010 0.000010
0.000010 0.000010 0.000010 0.999910 0.000010 0.000010 0.000010 0.000010 0.000010 0.000010
0.000010 0.000018 0.000010 0.554392 0.000010 0.000010 0.000010 0.297173 0.148357 0.000010
0.999908 0.000010 0.000010 0.000010 0.000011 0.000011 0.000010 0.000010 0.000010 0.000010
0.372199 0.000010 0.000010 0.627721 0.000010 0.000010 0.000010 0.000010 0.000010 0.000010
0.000010 0.000010 0.000010 0.819394 0.161437 0.000010 0.000010 0.019098 0.000010 0.000010
0.000010 0.000010 0.000010 0.508234 0.000010 0.000010 0.000010 0.491686 0.000010 0.000010
0.000010 0.000010 0.000010 0.751956 0.247964 0.000010 0.000010 0.000010 0.000010 0.000010
0.000010 0.000010 0.000010 0.000010 0.000010 0.000010 0.000010 0.000010 0.999910 0.000010
0.000010 0.000010 0.000010 0.728469 0.271451 0.000010 0.000010 0.000010 0.000010 0.000010
0.000010 0.000010 0.000010 0.999910 0.000010 0.000010 0.000010 0.000010 0.000010 0.000010
0.593297 0.000010 0.406623 0.000010 0.000010 0.000010 0.000010 0.000010 0.000010 0.000010
0.000010 0.000010 0.000010 0.338450 0.392651 0.000010 0.000011 0.268827 0.000010 0.000010
0.000010 0.000010 0.000010 0.465831 0.534089 0.000010 0.000010 0.000010 0.000010 0.000010
0.000010 0.000010 0.000010 0.241967 0.757949 0.000010 0.000010 0.000011 0.000012 0.000010
0.000010 0.000010 0.000010 0.586875 0.000010 0.000010 0.000010 0.413045 0.000010 0.000010
0.028089 0.000010 0.000010 0.493936 0.218249 0.000010 0.000010 0.259666 0.000010 0.000010
0.000010 0.000010 0.000010 0.235806 0.417311 0.000010 0.000010 0.346813 0.000010 0.000010
0.000010 0.000010 0.000010 0.999910 0.000010 0.000010 0.000010 0.000010 0.000010 0.000010
0.000010 0.000010 0.057772 0.419735 0.369777 0.000010 0.000010 0.135805 0.000010 0.016861
0.000010 0.000010 0.000010 0.682209 0.317710 0.000010 0.000011 0.000010 0.000010 0.000010
0.000015 0.000010 0.000010 0.632455 0.367460 0.000010 0.000010 0.000010 0.000010 0.000010
0.000010 0.000010 0.760589 0.220116 0.000010 0.000010 0.000010 0.019225 0.000010 0.000010
0.030024 0.000010 0.000010 0.585763 0.320817 0.000010 0.000010 0.063336 0.000010 0.000010
0.000010 0.000010 0.000010 0.000010 0.000010 0.000010 0.000010 0.000010 0.999910 0.000010
0.000010 0.148637 0.000010 0.000010 0.851283 0.000010 0.000010 0.000010 0.000010 0.000010
0.000010 0.000010 0.000010 0.000010 0.000010 0.999907 0.000013 0.000010 0.000010 0.000010
0.999910 0.000010 0.000010 0.000010 0.000010 0.000010 0.000010 0.000010 0.000010 0.000010
0.000010 0.000010 0.000010 0.000010 0.000010 0.000010 0.999910 0.000010 0.000010 0.000010
0.000010 0.000010 0.000010 0.109732 0.867079 0.000010 0.000010 0.023120 0.000010 0.000010
0.000010 0.000010 0.000010 0.516315 0.483594 0.000016 0.000015 0.000010 0.000010 0.000010
0.000010 0.000010 0.000010 0.000010 0.000010 0.000010 0.999910 0.000010 0.000010 0.000010
0.000010 0.000010 0.000010 0.000010 0.000012 0.000010 0.999908 0.000010 0.000010 0.000010
0.000010 0.000010 0.000010 0.000010 0.000010 0.000010 0.000010 0.000010 0.999910 0.000010
0.000010 0.073503 0.000010 0.000010 0.882405 0.000010 0.000010 0.044022 0.000010 0.000010
0.000010 0.000010 0.000010 0.000010 0.000010 0.999910 0.000010 0.000010 0.000010 0.000010
0.000010 0.000010 0.000010 0.000010 0.000010 0.162766 0.588407 0.000010 0.248758 0.000010
0.000010 0.000010 0.000010 0.000010 0.000010 0.000010 0.000010 0.000010 0.999910 0.000010
0.000010 0.004158 0.000010 0.000010 0.995762 0.000010 0.000010 0.000010 0.000010 0.000010
0.000010 0.159798 0.000010 0.000010 0.000010 0.000010 0.000010 0.000010 0.840122 0.000010
0.000010 0.215408 0.000010 0.000010 0.751707 0.000010 0.000010 0.000010 0.032815 0.000010
0.000010 0.999910 0.000010 0.000010 0.000010 0.000010 0.000010 0.000010 0.000010 0.000010
0.000010 0.000010 0.000010 0.000010 0.000010 0.999909 0.000010 0.000010 0.000011 0.000010
0.000010 0.000010 0.000010 0.000010 0.000010 0.999910 0.000010 0.000010 0.000010 0.000010
0.000010 0.000010 0.000010 0.000010 0.000010 0.000010 0.999910 0.000010 0.000010 0.000010
0.000010 0.000010 0.000010 0.000010 0.000010 0.999910 0.000010 0.000010 0.000010 0.000010
0.000010 0.000010 0.000010 0.000010 0.000010 0.000010 0.000010 0.000010 0.999910 0.000010
0.000010 0.000010 0.000010 0.000010 0.000010 0.000010 0.000010 0.000010 0.999910 0.000010
0.000010 0.121533 0.000010 0.000010 0.878387 0.000010 0.000010 0.000010 0.000010 0.000010
0.000010 0.000010 0.000010 0.000010 0.000010 0.000010 0.999910 0.000010 0.000010 0.000010
0.000010 0.000010 0.000010 0.000010 0.000010 0.000010 0.999910 0.000010 0.000010 0.000010
0.000010 0.000010 0.000010 0.000010 0.000010 0.000010 0.999910 0.000010 0.000010 0.000010
0.029475 0.000010 0.073307 0.000010 0.878644 0.000010 0.000010 0.018512 0.000012 0.000010
0.000010 0.000010 0.000010 0.000010 0.000010 0.999910 0.000010 0.000010 0.000010 0.000010
0.000010 0.000010 0.000010 0.000010 0.000010 0.999910 0.000010 0.000010 0.000010 0.000010
0.000010 0.000010 0.000010 0.000010 0.000010 0.999910 0.000010 0.000010 0.000010 0.000010
0.000010 0.999910 0.000010 0.000010 0.000010 0.000010 0.000010 0.000010 0.000010 0.000010
0.000010 0.999910 0.000010 0.000010 0.000010 0.000010 0.000010 0.000010 0.000010 0.000010
0.000010 0.999910 0.000010 0.000010 0.000010 0.000010 0.000010 0.000010 0.000010 0.000010
0.000017 0.999903 0.000010 0.000010 0.000010 0.000010 0.000010 0.000010 0.000010 0.000010
0.000010 0.999908 0.000010 0.000012 0.000010 0.000010 0.000010 0.000010 0.000010 0.000010
0.000010 0.999910 0.000010 0.000010 0.000010 0.000010 0.000010 0.000010 0.000010 0.000010
0.000010 0.000010 0.000010 0.999910 0.000010 0.000010 0.000010 0.000010 0.000010 0.000010
0.000010 0.000010 0.000010 0.845752 0.000010 0.000010 0.000010 0.154168 0.000010 0.000010
0.805181 0.000010 0.000010 0.194739 0.000010 0.000010 0.000010 0.000010 0.000010 0.000010
0.080878 0.000010 0.500865 0.418187 0.000010 0.000010 0.000010 0.000010 0.000010 0.000010
0.000010 0.000010 0.000010 0.194704 0.000010 0.000010 0.000010 0.805216 0.000010 0.000010
0.000010 0.000010 0.179872 0.235938 0.000010 0.000010 0.000010 0.584120 0.000010 0.000010
0.000010 0.000010 0.000010 0.702490 0.000010 0.000010 0.000010 0.297430 0.000010 0.000010
0.000010 0.000010 0.174469 0.239535 0.000010 0.000010 0.000010 0.585925 0.000010 0.000010
0.000010 0.000010 0.000010 0.211510 0.000010 0.000010 0.000010 0.788410 0.000010 0.000010
0.000010 0.000010 0.000010 0.900029 0.000010 0.000010 0.000010 0.099891 0.000010 0.000010
0.000010 0.000010 0.042270 0.725443 0.000010 0.000010 0.000010 0.211315 0.000010 0.020912
0.409555 0.000010 0.000010 0.590365 0.000010 0.000010 0.000010 0.000010 0.000010 0.000010
0.000010 0.000010 0.255230 0.586235 0.000010 0.000010 0.000010 0.053390 0.000010 0.105085
0.034210 0.000010 0.130538 0.182560 0.000010 0.000010 0.000010 0.647387 0.000010 0.005255
0.000010 0.000010 0.000010 0.063780 0.000010 0.000010 0.000010 0.629608 0.000010 0.306542
0.073521 0.000010 0.000010 0.926399 0.000010 0.000010 0.000010 0.000010 0.000010 0.000010
0.000010 0.000010 0.000010 0.836788 0.000010 0.000010 0.000010 0.163132 0.000010 0.000010
0.275601 0.000010 0.182586 0.422599 0.000010 0.000010 0.000010 0.119154 0.000010 0.000010
0.000010 0.000010 0.000010 0.752584 0.000010 0.000010 0.000010 0.247336 0.000010 0.000010
0.000010 0.000010 0.000010 0.999910 0.000010 0.000010 0.000010 0.000010 0.000010 0.000010
0.790057 0.000010 0.000010 0.209863 0.000010 0.000010 0.000010 0.000010 0.000010 0.000010
0.701819 0.000010 0.187406 0.000010 0.000010 0.000010 0.000010 0.000010 0.110705 0.000010
0.000010 0.000010 0.999910 0.000010 0.000010 0.000010 0.000010 0.000010 0.000010 0.000010
0.000010 0.000010 0.999910 0.000010 0.000010 0.000010 0.000010 0.000010 0.000010 0.000010
0.246055 0.000010 0.753865 0.000010 0.000010 0.000010 0.000010 0.000010 0.000010 0.000010
0.999910 0.000010 0.000010 0.000010 0.000010 0.000010 0.000010 0.000010 0.000010 0.000010
0.418954 0.000010 0.000010 0.580966 0.000010 0.000010 0.000010 0.000010 0.000010 0.000010
0.000010 0.000010 0.410530 0.111333 0.000010 0.000010 0.000010 0.434538 0.000010 0.043539
0.000010 0.000010 0.187421 0.591371 0.000010 0.000010 0.000010 0.221138 0.000010 0.000010
0.055711 0.000010 0.263177 0.578209 0.000010 0.000010 0.000010 0.102843 0.000010 0.000010
0.000010 0.000010 0.350477 0.000010 0.000010 0.000010 0.000010 0.649443 0.000010 0.000010
0.000010 0.000010 0.639157 0.360763 0.000010 0.000010 0.000010 0.000010 0.000010 0.000010
0.767204 0.000010 0.000010 0.232716 0.000010 0.000010 0.000010 0.000010 0.000010 0.000010
0.999910 0.000010 0.000010 0.000010 0.000010 0.000010 0.000010 0.000010 0.000010 0.000010
0.000010 0.000010 0.999910 0.000010 0.000010 0.000010 0.000010 0.000010 0.000010 0.000010
0.161625 0.000010 0.720290 0.031948 0.000010 0.000010 0.000010 0.000010 0.086077 0.000010
0.999910 0.000010 0.000010 0.000010 0.000010 0.000010 0.000010 0.000010 0.000010 0.000010
0.388198 0.000010 0.046466 0.450160 0.000010 0.000010 0.000010 0.049350 0.032360 0.033427
0.000010 0.000010 0.999910 0.000010 0.000010 0.000010 0.000010 0.000010 0.000010 0.000010
0.674760 0.000010 0.325160 0.000010 0.000010 0.000010 0.000010 0.000010 0.000010 0.000010
0.000010 0.000010 0.999910 0.000010 0.000010 0.000010 0.000010 0.000010 0.000010 0.000010
0.226733 0.000010 0.286782 0.486415 0.000010 0.000010 0.000010 0.000010 0.000010 0.000010
0.740303 0.000010 0.000010 0.182466 0.000010 0.000010 0.000010 0.000010 0.077161 0.000010
0.085868 0.000010 0.914052 0.000010 0.000010 0.000010 0.000010 0.000010 0.000010 0.000010
0.014154 0.000010 0.514009 0.000010 0.000016 0.000010 0.000010 0.264983 0.206789 0.000010
0.000010 0.000010 0.199905 0.550968 0.000010 0.000010 0.000010 0.183523 0.044635 0.020919
0.000010 0.000019 0.000010 0.999900 0.000010 0.000010 0.000010 0.000010 0.000011 0.000010
0.062733 0.000010 0.000010 0.522858 0.210293 0.000010 0.000010 0.084109 0.119958 0.000010
0.138644 0.000010 0.831311 0.000010 0.000010 0.000010 0.000010 0.000010 0.029975 0.000010
0.022857 0.000010 0.826387 0.000010 0.000010 0.000010 0.000010 0.150686 0.000010 0.000010
0.218587 0.000010 0.781333 0.000010 0.000010 0.000010 0.000010 0.000010 0.000010 0.000010
0.612770 0.000010 0.000010 0.258314 0.000010 0.000010 0.000010 0.042285 0.045483 0.041099
0.000010 0.000010 0.999910 0.000010 0.000010 0.000010 0.000010 0.000010 0.000010 0.000010
0.999910 0.000010 0.000010 0.000010 0.000010 0.000010 0.000010 0.000010 0.000010 0.000010
0.000010 0.000010 0.000010 0.000010 0.000010 0.000010 0.000010 0.000010 0.000010 0.999910
0.000010 0.000010 0.149118 0.585480 0.000010 0.000010 0.000010 0.265332 0.000010 0.000010
0.000010 0.000010 0.000010 0.999910 0.000010 0.000010 0.000010 0.000010 0.000010 0.000010
0.000010 0.000010 0.387278 0.612642 0.000010 0.000010 0.000010 0.000010 0.000010 0.000010
0.135747 0.000010 0.031470 0.785802 0.000013 0.000010 0.000018 0.046909 0.000010 0.000010
0.000010 0.000010 0.000010 0.000010 0.000010 0.000010 0.000010 0.269801 0.000010 0.730119
0.000010 0.000010 0.000010 0.000010 0.000010 0.000010 0.000010 0.999910 0.000010 0.000010
0.000010 0.000010 0.000010 0.000010 0.000010 0.000010 0.000010 0.000010 0.000010 0.999910
0.000010 0.000010 0.529160 0.470760 0.000010 0.000010 0.000010 0.000010 0.000010 0.000010
0.999904 0.000016 0.000010 0.000010 0.000010 0.000010 0.000010 0.000010 0.000010 0.000010
0.782348 0.000010 0.117433 0.100150 0.000010 0.000010 0.000010 0.000010 0.000010 0.000010
0.000010 0.000010 0.999910 0.000010 0.000010 0.000010 0.000010 0.000010 0.000010 0.000010
0.697149 0.000010 0.302771 0.000010 0.000010 0.000010 0.000010 0.000010 0.000010 0.000010
0.860548 0.000010 0.139370 0.000010 0.000010 0.000012 0.000010 0.000010 0.000010 0.000010
0.030078 0.000010 0.635708 0.234396 0.000010 0.000010 0.000010 0.000010 0.099757 0.000010
0.000010 0.000010 0.000010 0.470759 0.000010 0.000010 0.000010 0.529161 0.000010 0.000010
0.058003 0.000010 0.118308 0.000010 0.000010 0.000010 0.000010 0.330593 0.145635 0.347411
0.000010 0.000010 0.008517 0.643083 0.348331 0.000010 0.000010 0.000010 0.000010 0.000010
0.000010 0.000010 0.078110 0.112724 0.000010 0.000010 0.000010 0.683682 0.000010 0.125424
0.000010 0.000010 0.172321 0.725154 0.000010 0.000010 0.000010 0.067824 0.000010 0.034641
0.813712 0.000010 0.087684 0.000010 0.000010 0.000010 0.000010 0.062160 0.000010 0.036384
0.000010 0.017967 0.105035 0.697756 0.179182 0.000010 0.000010 0.000010 0.000010 0.000010
0.000010 0.000010 0.999910 0.000010 0.000010 0.000010 0.000010 0.000010 0.000010 0.000010
0.000010 0.000010 0.999910 0.000010 0.000010 0.000010 0.000010 0.000010 0.000010 0.000010
0.000010 0.000010 0.000010 0.766820 0.020606 0.000010 0.000010 0.192303 0.020212 0.000010
0.502979 0.000010 0.428419 0.068533 0.000010 0.000010 0.000010 0.000010 0.000010 0.000010
0.000010 0.000010 0.000010 0.449217 0.000010 0.000010 0.000010 0.176774 0.208226 0.165724
0.999910 0.000010 0.000010 0.000010 0.000010 0.000010 0.000010 0.000010 0.000010 0.000010
0.000010 0.000010 0.024149 0.709585 0.238985 0.000010 0.000010 0.000010 0.000010 0.027221
0.000010 0.000010 0.051683 0.075144 0.243944 0.000010 0.000010 0.585792 0.043386 0.000010
0.000010 0.000010 0.353118 0.510621 0.000010 0.000010 0.000010 0.000010 0.136191 0.000010
0.287386 0.000010 0.000010 0.339925 0.000010 0.000010 0.000010 0.372619 0.000010 0.000010
0.004365 0.000010 0.170747 0.600329 0.047717 0.000010 0.000010 0.138099 0.000010 0.038704
0.000010 0.000010 0.000010 0.531979 0.467941 0.000010 0.000010 0.000010 0.000010 0.000010
0.000010 0.000010 0.000010 0.672138 0.103270 0.000010 0.000010 0.224522 0.000010 0.000010
0.000010 0.000010 0.000010 0.346008 0.653912 0.000010 0.000010 0.000010 0.000010 0.000010
0.328258 0.000010 0.343012 0.328661 0.000010 0.000010 0.000010 0.000010 0.000010 0.000010
0.620088 0.000010 0.000010 0.379832 0.000010 0.000010 0.000010 0.000010 0.000010 0.000010
0.000010 0.000010 0.643417 0.356491 0.000018 0.000010 0.000014 0.000010 0.000010 0.000010
0.809367 0.000010 0.131657 0.058906 0.000010 0.000010 0.000010 0.000010 0.000010 0.000010
0.232916 0.000010 0.000010 0.262275 0.000010 0.000010 0.000010 0.504739 0.000010 0.000010
0.220685 0.000010 0.000010 0.158979 0.000010 0.000010 0.000010 0.620266 0.000010 0.000010
0.074144 0.000010 0.309125 0.594129 0.000010 0.000010 0.000010 0.000010 0.000010 0.022542
0.000010 0.000010 0.999910 0.000010 0.000010 0.000010 0.000010 0.000010 0.000010 0.000010
0.032296 0.000010 0.224590 0.652732 0.000018 0.000014 0.000010 0.090305 0.000016 0.000010
0.000010 0.000010 0.000010 0.999910 0.000010 0.000010 0.000010 0.000010 0.000010 0.000010
0.177245 0.000010 0.301567 0.000010 0.000010 0.000010 0.000010 0.497971 0.023157 0.000010
0.000010 0.000010 0.999910 0.000010 0.000010 0.000010 0.000010 0.000010 0.000010 0.000010
0.000010 0.000010 0.261935 0.485363 0.000010 0.000010 0.000010 0.252631 0.000010 0.000010
0.000010 0.000010 0.470155 0.335668 0.000010 0.000010 0.000010 0.194107 0.000010 0.000010
0.000010 0.000010 0.661739 0.338181 0.000010 0.000010 0.000010 0.000010 0.000010 0.000010
0.000010 0.000010 0.228884 0.722081 0.013607 0.000010 0.000010 0.000010 0.000010 0.035368
0.949099 0.000010 0.000010 0.050821 0.000010 0.000010 0.000010 0.000010 0.000010 0.000010
0.130180 0.000010 0.869740 0.000010 0.000010 0.000010 0.000010 0.000010 0.000010 0.000010
0.999907 0.000011 0.000010 0.000010 0.000010 0.000010 0.000010 0.000010 0.000011 0.000010
0.203894 0.000010 0.796026 0.000010 0.000010 0.000010 0.000010 0.000010 0.000010 0.000010
0.999910 0.000010 0.000010 0.000010 0.000010 0.000010 0.000010 0.000010 0.000010 0.000010
0.742819 0.000010 0.156535 0.100576 0.000010 0.000010 0.000010 0.000010 0.000010 0.000010
0.309852 0.000010 0.048771 0.612343 0.000010 0.000010 0.000010 0.028974 0.000010 0.000010
0.000010 0.000010 0.358195 0.391366 0.000010 0.000010 0.000010 0.250369 0.000010 0.000010
0.000010 0.000010 0.149865 0.730486 0.084483 0.000010 0.000010 0.000010 0.000010 0.035106
0.000010 0.053376 0.000010 0.279784 0.000010 0.000010 0.000010 0.666770 0.000010 0.000010
0.000010 0.000010 0.000010 0.000010 0.000010 0.000010 0.000011 0.000010 0.000010 0.999909
0.000010 0.021079 0.000010 0.000010 0.000010 0.000010 0.000010 0.940159 0.000010 0.038692
0.000010 0.000010 0.000010 0.000010 0.000010 0.000010 0.000010 0.302949 0.000010 0.696971
0.000010 0.000010 0.999908 0.000012 0.000010 0.000010 0.000010 0.000010 0.000010 0.000010
0.000010 0.000010 0.055453 0.854579 0.000010 0.000010 0.000010 0.089898 0.000010 0.000010
0.182489 0.000010 0.588507 0.212986 0.000010 0.000010 0.000010 0.015959 0.000010 0.000010
0.000010 0.000010 0.069263 0.830202 0.000010 0.000010 0.000010 0.100466 0.000010 0.000010
0.000010 0.000010 0.000010 0.000010 0.000010 0.000010 0.000010 0.999910 0.000010 0.000010
0.999906 0.000010 0.000010 0.000010 0.000010 0.000014 0.000010 0.000010 0.000010 0.000010
0.000010 0.000010 0.000010 0.398114 0.000010 0.000010 0.000010 0.601806 0.000010 0.000010
0.000010 0.000010 0.073449 0.515828 0.000010 0.000010 0.000010 0.132793 0.031308 0.246571
0.272081 0.000010 0.060178 0.000010 0.667663 0.000010 0.000019 0.000010 0.000010 0.000010
0.109452 0.000010 0.181898 0.643734 0.000010 0.000010 0.000010 0.000010 0.064856 0.000010
0.535017 0.000010 0.464903 0.000010 0.000010 0.000010 0.000010 0.000010 0.000010 0.000010
0.046394 0.000010 0.228217 0.725318 0.000010 0.000010 0.000010 0.000010 0.000010 0.000010
0.000010 0.000010 0.000010 0.000010 0.999910 0.000010 0.000010 0.000010 0.000010 0.000010
0.540355 0.000010 0.245406 0.093000 0.000010 0.000010 0.000010 0.121179 0.000010 0.000010
0.071997 0.000010 0.221505 0.699703 0.000011 0.000010 0.000010 0.006734 0.000010 0.000010
0.000010 0.000010 0.191796 0.678760 0.000010 0.000010 0.000010 0.129375 0.000010 0.000010
0.336170 0.000017 0.663743 0.000010 0.000010 0.000010 0.000010 0.000010 0.000010 0.000010
0.000010 0.000010 0.000010 0.982380 0.000010 0.000010 0.000010 0.000010 0.000010 0.017540
0.000010 0.000010 0.000010 0.999910 0.000010 0.000010 0.000010 0.000010 0.000010 0.000010
0.000010 0.000010 0.000010 0.999910 0.000010 0.000010 0.000010 0.000010 0.000010 0.000010
0.110232 0.000010 0.095528 0.786850 0.007330 0.000010 0.000010 0.000010 0.000010 0.000010
0.000010 0.000010 0.000010 0.967172 0.000010 0.000010 0.000010 0.032748 0.000010 0.000010
0.000010 0.000010 0.000010 0.819625 0.000010 0.000010 0.000010 0.180295 0.000010 0.000010
0.069244 0.000010 0.807160 0.123526 0.000010 0.000010 0.000010 0.000010 0.000010 0.000010
0.239657 0.000010 0.092239 0.614055 0.053989 0.000010 0.000010 0.000010 0.000010 0.000010
0.135294 0.000010 0.226265 0.638371 0.000010 0.000010 0.000010 0.000010 0.000010 0.000010
0.999899 0.000010 0.000014 0.000010 0.000010 0.000017 0.000010 0.000010 0.000010 0.000010
0.047507 0.000010 0.399789 0.407870 0.000010 0.000010 0.000010 0.129419 0.000010 0.015364
0.386086 0.000010 0.600528 0.000010 0.000010 0.000010 0.000010 0.013316 0.000010 0.000010
0.805026 0.000010 0.194892 0.000010 0.000010 0.000010 0.000012 0.000010 0.000010 0.000010
0.066704 0.000010 0.443621 0.252228 0.000010 0.000010 0.000010 0.237387 0.000010 0.000010
0.133507 0.000010 0.000010 0.000010 0.000010 0.000010 0.000010 0.320286 0.306679 0.239468
0.000010 0.000010 0.268617 0.000010 0.000010 0.000010 0.000010 0.094834 0.146849 0.489640
0.545597 0.000010 0.000010 0.454323 0.000010 0.000010 0.000010 0.000010 0.000010 0.000010
0.133150 0.000010 0.248588 0.523109 0.000010 0.000010 0.000010 0.095089 0.000014 0.000010
0.000010 0.024704 0.000010 0.713658 0.000010 0.000010 0.000010 0.261568 0.000010 0.000010
0.000010 0.000010 0.045646 0.000010 0.000010 0.000010 0.000010 0.954274 0.000010 0.000010
0.445220 0.000010 0.236156 0.000012 0.000010 0.000010 0.000010 0.318552 0.000010 0.000010
0.021554 0.000010 0.000010 0.000010 0.000010 0.000010 0.000010 0.000010 0.296482 0.681894
0.000010 0.000010 0.000010 0.000010 0.000010 0.000010 0.000010 0.912020 0.087900 0.000010
0.309471 0.000010 0.148835 0.541624 0.000010 0.000010 0.000010 0.000010 0.000010 0.000010
0.000010 0.000010 0.000010 0.000010 0.000010 0.000010 0.000010 0.334085 0.000010 0.665835
0.000010 0.000010 0.000010 0.000010 0.000010 0.000010 0.000010 0.000010 0.000010 0.999910
0.095147 0.000010 0.163585 0.000010 0.000010 0.000010 0.000010 0.558264 0.000010 0.182943
0.000010 0.000010 0.000010 0.046032 0.000010 0.000010 0.000010 0.247102 0.000010 0.706795
0.000010 0.000010 0.000010 0.000014 0.000010 0.000010 0.000010 0.000010 0.000010 0.999906
0.000010 0.000010 0.000010 0.000010 0.000010 0.000010 0.000010 0.107344 0.000010 0.892576
0.000010 0.000010 0.000010 0.000010 0.000010 0.000010 0.000010 0.000010 0.000010 0.999910
0.251294 0.000010 0.000010 0.000010 0.000010 0.000010 0.000010 0.640275 0.042216 0.066155
0.000010 0.000010 0.000010 0.246765 0.000010 0.000010 0.000010 0.753155 0.000010 0.000010
0.000010 0.000010 0.000010 0.000010 0.212594 0.000010 0.000010 0.481877 0.305459 0.000010
0.000010 0.000010 0.171099 0.000010 0.000010 0.000010 0.000010 0.828821 0.000010 0.000010
0.000010 0.000010 0.000010 0.000010 0.000010 0.000010 0.000010 0.280647 0.000010 0.719273
0.000010 0.000010 0.044565 0.000010 0.000010 0.000010 0.000010 0.955355 0.000010 0.000010
0.000010 0.000010 0.000010 0.000010 0.000010 0.000010 0.000010 0.999910 0.000010 0.000010
0.000010 0.000010 0.000010 0.071006 0.000010 0.000010 0.000010 0.928914 0.000010 0.000010
0.000010 0.000010 0.000010 0.000010 0.000010 0.000010 0.000010 0.999910 0.000010 0.000010
0.000010 0.000010 0.663709 0.336211 0.000010 0.000010 0.000010 0.000010 0.000010 0.000010
0.000010 0.000010 0.559331 0.440028 0.000010 0.000010 0.000010 0.000571 0.000010 0.000010
0.000010 0.000010 0.999910 0.000010 0.000010 0.000010 0.000010 0.000010 0.000010 0.000010
0.115674 0.000010 0.481309 0.402947 0.000010 0.000010 0.000010 0.000010 0.000010 0.000010
0.000010 0.000010 0.000010 0.000010 0.000010 0.000010 0.000010 0.999910 0.000010 0.000010
0.000010 0.000010 0.000010 0.000010 0.000010 0.000010 0.000010 0.999910 0.000010 0.000010
0.000010 0.000010 0.207888 0.316209 0.000010 0.000010 0.000010 0.409367 0.000010 0.066476
0.118440 0.000017 0.292990 0.290656 0.000010 0.000010 0.000010 0.247397 0.000010 0.050460
0.000010 0.000010 0.000010 0.370639 0.142337 0.000010 0.000010 0.450607 0.000010 0.036357
0.000010 0.000010 0.245380 0.307996 0.000010 0.000010 0.000010 0.352177 0.000010 0.094386
0.023444 0.000010 0.665240 0.113074 0.000010 0.000010 0.000010 0.166899 0.000010 0.031293
0.000010 0.000010 0.152849 0.689750 0.000010 0.000010 0.000010 0.157330 0.000010 0.000010
0.046046 0.000010 0.212588 0.544523 0.000010 0.000010 0.000010 0.196783 0.000010 0.000010
0.000010 0.000010 0.000010 0.999910 0.000010 0.000010 0.000010 0.000010 0.000010 0.000010
0.000010 0.000010 0.000010 0.353434 0.646486 0.000010 0.000010 0.000010 0.000010 0.000010
0.000010 0.000010 0.000010 0.163061 0.836859 0.000010 0.000010 0.000010 0.000010 0.000010
0.410237 0.000010 0.000010 0.589683 0.000010 0.000010 0.000010 0.000010 0.000010 0.000010
0.023057 0.000010 0.000010 0.652458 0.047144 0.000010 0.000010 0.074414 0.097138 0.105749
0.000010 0.000010 0.000010 0.584103 0.000010 0.000010 0.000010 0.415817 0.000010 0.000010
0.000010 0.000010 0.000010 0.200833 0.799087 0.000010 0.000010 0.000010 0.000010 0.000010
0.000010 0.000012 0.000010 0.528223 0.471695 0.000010 0.000010 0.000010 0.000010 0.000010
0.009340 0.000010 0.276364 0.494451 0.000010 0.000010 0.050882 0.000010 0.000010 0.168913
0.000010 0.000010 0.000010 0.000010 0.000010 0.000010 0.999910 0.000010 0.000010 0.000010
0.000010 0.000010 0.000010 0.763625 0.172838 0.000010 0.000010 0.000010 0.063467 0.000010
0.000010 0.000010 0.000010 0.647608 0.352312 0.000010 0.000010 0.000010 0.000010 0.000010
0.121846 0.000010 0.010957 0.089565 0.247067 0.000010 0.000010 0.000010 0.530515 0.000010
0.021041 0.000010 0.000010 0.110335 0.665419 0.000010 0.000010 0.203145 0.000010 0.000010
0.000010 0.116200 0.000010 0.000010 0.769981 0.000010 0.000010 0.113749 0.000010 0.000010
0.000010 0.014976 0.000010 0.000010 0.984944 0.000010 0.000010 0.000010 0.000010 0.000010
0.000010 0.000010 0.000010 0.999910 0.000010 0.000010 0.000010 0.000010 0.000010 0.000010
0.000010 0.000010 0.147895 0.441724 0.000010 0.000010 0.000010 0.000010 0.133827 0.276495
0.291728 0.000010 0.033591 0.500382 0.000010 0.000010 0.000010 0.000010 0.038234 0.136015
0.000010 0.000010 0.000010 0.945856 0.054064 0.000010 0.000010 0.000010 0.000010 0.000010
0.388506 0.000010 0.585344 0.000010 0.000010 0.000013 0.000010 0.000010 0.026078 0.000010
0.000010 0.000010 0.000010 0.000010 0.999910 0.000010 0.000010 0.000010 0.000010 0.000010
0.000010 0.000010 0.000010 0.000010 0.000010 0.000010 0.999910 0.000010 0.000010 0.000010
0.000010 0.000010 0.000010 0.003334 0.901499 0.000010 0.095098 0.000010 0.000010 0.000010
0.000010 0.000010 0.000010 0.000010 0.000010 0.202629 0.627167 0.000010 0.170134 0.000010
