0.532533 0.000010 0.000010 0.000010 0.000010 0.000010 0.000010 0.454181 0.000010 0.000010 0.000010 0.013195
0.999890 0.000010 0.000010 0.000010 0.000010 0.000010 0.000010 0.000010 0.000010 0.000010 0.000010 0.000010
0.244085 0.000010 0.000010 0.000010 0.000010 0.536118 0.109978 0.000010 0.000010 0.061166 0.000010 0.048584
0.000010 0.000015 0.000011 0.000010 0.000010 0.000010 0.000010 0.999884 0.000010 0.000010 0.000011 0.000010
0.780185 0.000010 0.000010 0.000010 0.000010 0.000010 0.000010 0.219715 0.000010 0.000010 0.000010 0.000010
0.211363 0.000010 0.000010 0.000010 0.000010 0.043916 0.744631 0.000010 0.000010 0.000010 0.000010 0.000010
0.429404 0.000010 0.000010 0.000010 0.000010 0.570496 0.000010 0.000010 0.000010 0.000010 0.000010 0.000010
0.115689 0.000010 0.000010 0.000010 0.000010 0.000010 0.884211 0.000010 0.000010 0.000010 0.000010 0.000010
0.000010 0.000010 0.999890 0.000010 0.000010 0.000010 0.000010 0.000010 0.000010 0.000010 0.000010 0.000010
0.000010 0.000010 0.000010 0.000010 0.000010 0.000010 0.999890 0.000010 0.000010 0.000010 0.000010 0.000010
0.000010 0.000010 0.000010 0.000010 0.000010 0.000010 0.999890 0.000010 0.000010 0.000010 0.000010 0.000010
0.000010 0.000010 0.000010 0.000010 0.000010 0.000010 0.000010 0.558374 0.441526 0.000010 0.000010 0.000010
0.018284 0.000010 0.000010 0.000010 0.000010 0.073464 0.658686 0.000010 0.000010 0.000010 0.000010 0.249486
0.000010 0.000010 0.000010 0.000010 0.000010 0.000010 0.878788 0.000010 0.000010 0.000010 0.121112 0.000010
0.000010 0.000010 0.000010 0.000010 0.000010 0.000010 0.950209 0.000010 0.000010 0.000010 0.049691 0.000010
0.132816 0.000010 0.000010 0.000010 0.000010 0.000010 0.434951 0.000010 0.000010 0.000010 0.000010 0.432143
0.092294 0.000010 0.000010 0.000010 0.000010 0.000010 0.582815 0.008451 0.000010 0.000010 0.000010 0.316359
0.000010 0.000010 0.000010 0.000010 0.000010 0.026240 0.410325 0.000010 0.000010 0.000010 0.265110 0.298245
0.080383 0.000010 0.000010 0.000010 0.000010 0.030857 0.888670 0.000010 0.000010 0.000010 0.000010 0.000010
0.151308 0.000010 0.000010 0.000010 0.000010 0.000010 0.509842 0.000010 0.000010 0.000010 0.063770 0.275000
0.000010 0.000010 0.000010 0.000011 0.000011 0.000010 0.999884 0.000010 0.000014 0.000010 0.000010 0.000010
0.050845 0.000010 0.000010 0.000010 0.000010 0.000010 0.949055 0.000010 0.000010 0.000010 0.000010 0.000010
0.036484 0.000010 0.000010 0.000010 0.000010 0.000010 0.041097 0.000010 0.922329 0.000010 0.000010 0.000010
0.046296 0.000010 0.000010 0.000010 0.000010 0.029742 0.769861 0.052753 0.000010 0.000010 0.036307 0.064981
0.000010 0.000010 0.999890 0.000010 0.000010 0.000010 0.000010 0.000010 0.000010 0.000010 0.000010 0.000010
0.000010 0.018401 0.000010 0.000010 0.000010 0.000010 0.000010 0.000010 0.000010 0.000010 0.981499 0.000010
0.000010 0.000010 0.000010 0.000010 0.999890 0.000010 0.000010 0.000010 0.000010 0.000010 0.000010 0.000010
0.000010 0.000010 0.000010 0.000010 0.000016 0.000010 0.000010 0.999883 0.000010 0.000010 0.000010 0.000010
0.000010 0.000010 0.000010 0.000010 0.999890 0.000010 0.000010 0.000010 0.000010 0.000010 0.000010 0.000010
0.000010 0.000015 0.000010 0.000010 0.000010 0.000010 0.437136 0.000010 0.000010 0.000010 0.562760 0.000010
0.000010 0.000010 0.000010 0.000010 0.000010 0.000010 0.816220 0.000010 0.000010 0.000010 0.183679 0.000010
0.000010 0.000010 0.000013 0.000010 0.999887 0.000010 0.000010 0.000010 0.000010 0.000010 0.000010 0.000010
0.000010 0.000010 0.000010 0.000010 0.999890 0.000010 0.000010 0.000010 0.000010 0.000010 0.000010 0.000010
0.000010 0.000010 0.999890 0.000010 0.000010 0.000010 0.000010 0.000010 0.000010 0.000010 0.000010 0.000010
0.000010 0.000010 0.000010 0.000010 0.000010 0.000010 0.000010 0.000010 0.000010 0.000010 0.947175 0.052725
0.000010 0.000010 0.000010 0.000010 0.999890 0.000010 0.000010 0.000010 0.000010 0.000010 0.000010 0.000010
0.000010 0.000010 0.470846 0.000014 0.529049 0.000010 0.000010 0.000010 0.000010 0.000010 0.000011 0.000010
0.000010 0.000010 0.999890 0.000010 0.000010 0.000010 0.000010 0.000010 0.000010 0.000010 0.000010 0.000010
0.000010 0.000011 0.000010 0.000010 0.000010 0.000010 0.000010 0.000010 0.000010 0.000010 0.999889 0.000010
0.000010 0.156021 0.843877 0.000010 0.000011 0.000010 0.000010 0.000010 0.000010 0.000010 0.000010 0.000010
0.000010 0.125388 0.000010 0.000010 0.000010 0.000010 0.000010 0.000010 0.000010 0.000010 0.874512 0.000010
0.000010 0.999890 0.000010 0.000010 0.000010 0.000010 0.000010 0.000010 0.000010 0.000010 0.000010 0.000010
0.000010 0.000010 0.000010 0.000010 0.999890 0.000010 0.000010 0.000010 0.000010 0.000010 0.000010 0.000010
0.000010 0.000010 0.000010 0.000010 0.999890 0.000010 0.000010 0.000010 0.000010 0.000010 0.000010 0.000010
0.000010 0.000010 0.000010 0.000010 0.921763 0.000010 0.064031 0.000010 0.000010 0.000010 0.014116 0.000010
0.000015 0.000010 0.000010 0.000016 0.999868 0.000010 0.000018 0.000013 0.000010 0.000010 0.000010 0.000010
0.000010 0.000010 0.999888 0.000012 0.000010 0.000010 0.000010 0.000010 0.000010 0.000010 0.000010 0.000010
0.000010 0.000010 0.999890 0.000010 0.000010 0.000010 0.000010 0.000010 0.000010 0.000010 0.000010 0.000010
0.000010 0.000010 0.000010 0.000010 0.000010 0.000010 0.000010 0.000010 0.000010 0.000010 0.999890 0.000010
0.000010 0.000010 0.000013 0.000014 0.999883 0.000010 0.000010 0.000010 0.000010 0.000010 0.000010 0.000010
0.000010 0.000010 0.000014 0.000010 0.999886 0.000010 0.000010 0.000010 0.000010 0.000010 0.000010 0.000010
0.000010 0.000010 0.000010 0.000010 0.999886 0.000010 0.000010 0.000010 0.000014 0.000010 0.000010 0.000010
0.000010 0.000010 0.000010 0.000010 0.000010 0.000010 0.000010 0.019238 0.072066 0.000010 0.888213 0.020403
0.000010 0.000010 0.000010 0.000010 0.999890 0.000010 0.000010 0.000010 0.000010 0.000010 0.000010 0.000010
0.000010 0.000010 0.000017 0.000010 0.999882 0.000010 0.000010 0.000010 0.000010 0.000010 0.000011 0.000010
0.000019 0.000011 0.000010 0.000011 0.999865 0.000018 0.000010 0.000010 0.000017 0.000010 0.000010 0.000010
0.000010 0.999890 0.000010 0.000010 0.000010 0.000010 0.000010 0.000010 0.000010 0.000010 0.000010 0.000010
0.000010 0.999889 0.000011 0.000010 0.000010 0.000010 0.000010 0.000010 0.000010 0.000010 0.000010 0.000010
0.000010 0.999890 0.000010 0.000010 0.000010 0.000010 0.000010 0.000010 0.000010 0.000010 0.000010 0.000010
0.000010 0.999890 0.000010 0.000010 0.000010 0.000010 0.000010 0.000010 0.000010 0.000010 0.000010 0.000010
0.000010 0.999890 0.000010 0.000010 0.000010 0.000010 0.000010 0.000010 0.000010 0.000010 0.000010 0.000010
0.000010 0.999890 0.000010 0.000010 0.000010 0.000010 0.000010 0.000010 0.000010 0.000010 0.000010 0.000010
0.128037 0.000010 0.000010 0.000010 0.000010 0.000010 0.871863 0.000010 0.000010 0.000010 0.000010 0.000010
0.124658 0.000010 0.000010 0.000010 0.000010 0.000010 0.685772 0.000010 0.000010 0.000010 0.000010 0.189480
0.268499 0.000010 0.000010 0.000010 0.000010 0.000010 0.000010 0.731401 0.000010 0.000010 0.000010 0.000010
0.495048 0.000010 0.000010 0.000010 0.000010 0.000010 0.000010 0.000010 0.504852 0.000010 0.000010 0.000010
0.189623 0.000010 0.000010 0.000010 0.000010 0.540483 0.000010 0.000010 0.000010 0.000010 0.000010 0.269804
0.275773 0.000010 0.000010 0.000010 0.000010 0.487774 0.000010 0.000010 0.236363 0.000010 0.000010 0.000010
0.664787 0.000010 0.000010 0.000010 0.000010 0.335113 0.000010 0.000010 0.000010 0.000010 0.000010 0.000010
0.266452 0.000010 0.000010 0.000010 0.000010 0.503767 0.000010 0.000010 0.229692 0.000010 0.000010 0.000010
0.134792 0.000010 0.000010 0.000010 0.000010 0.535610 0.000010 0.000010 0.000010 0.000010 0.000010 0.329509
0.862370 0.000010 0.000010 0.000010 0.000010 0.137530 0.000010 0.000010 0.000010 0.000010 0.000010 0.000010
0.616034 0.000010 0.000010 0.000010 0.000010 0.339942 0.000010 0.000010 0.000010 0.043933 0.000010 0.000010
0.656419 0.000010 0.000010 0.000010 0.000010 0.000010 0.070336 0.273155 0.000010 0.000010 0.000010 0.000010
0.587326 0.000010 0.000010 0.000010 0.000010 0.000010 0.000010 0.000010 0.000010 0.290333 0.000010 0.122251
0.155466 0.000010 0.000010 0.000010 0.000010 0.684344 0.000010 0.000010 0.133921 0.026189 0.000010 0.000010
0.023317 0.000010 0.000010 0.238664 0.000010 0.672092 0.000010 0.000010 0.000010 0.000010 0.000010 0.065847
0.397922 0.000010 0.000010 0.000010 0.000010 0.000010 0.539245 0.062743 0.000010 0.000010 0.000010 0.000010
0.859113 0.000010 0.000011 0.000010 0.000010 0.034241 0.000010 0.000010 0.000010 0.000010 0.000010 0.106554
0.606912 0.000010 0.000010 0.000010 0.000010 0.000010 0.000010 0.158482 0.097735 0.000010 0.000010 0.136791
0.659004 0.000018 0.000019 0.000010 0.000010 0.340879 0.000010 0.000010 0.000010 0.000010 0.000010 0.000010
0.090084 0.000010 0.000010 0.000010 0.000010 0.000010 0.909816 0.000010 0.000010 0.000010 0.000010 0.000010
0.298300 0.000010 0.000010 0.000010 0.000010 0.000010 0.000010 0.701600 0.000010 0.000010 0.000010 0.000010
0.000010 0.000010 0.000010 0.000010 0.000010 0.000010 0.000010 0.633931 0.000010 0.365969 0.000010 0.000010
0.000010 0.000010 0.000010 0.000010 0.000010 0.000010 0.000010 0.000010 0.555594 0.444306 0.000010 0.000010
0.000019 0.000010 0.000010 0.000010 0.000010 0.000010 0.000010 0.000013 0.999878 0.000010 0.000010 0.000010
0.000010 0.000010 0.000010 0.000010 0.000010 0.000010 0.000010 0.236053 0.000010 0.763847 0.000010 0.000010
0.000010 0.000010 0.000010 0.000010 0.000010 0.000010 0.000010 0.999890 0.000010 0.000010 0.000010 0.000010
0.734648 0.000010 0.000010 0.000010 0.000010 0.000010 0.000010 0.265252 0.000010 0.000010 0.000010 0.000010
0.181247 0.000010 0.000010 0.047398 0.000010 0.110110 0.000010 0.000010 0.395134 0.015162 0.000010 0.250889
0.545976 0.000010 0.000010 0.000010 0.000010 0.000010 0.000010 0.000010 0.043183 0.000010 0.000010 0.410751
0.645026 0.000010 0.000010 0.000010 0.000010 0.000010 0.000010 0.000010 0.039475 0.014936 0.000010 0.300484
0.000010 0.000010 0.000010 0.000010 0.000010 0.000012 0.000010 0.000015 0.000010 0.085389 0.000010 0.914505
0.311857 0.000015 0.000010 0.000010 0.000010 0.000016 0.000010 0.000010 0.688032 0.000010 0.000010 0.000010
0.335412 0.000010 0.000010 0.000010 0.000011 0.000010 0.000010 0.664487 0.000010 0.000010 0.000010 0.000010
0.000010 0.000010 0.000010 0.000010 0.000010 0.000010 0.000010 0.999886 0.000010 0.000014 0.000010 0.000010
0.000010 0.000010 0.000010 0.000010 0.000010 0.000010 0.000010 0.000010 0.000010 0.999890 0.000010 0.000010
0.140293 0.000010 0.000010 0.000010 0.000010 0.000010 0.000010 0.142592 0.121579 0.595456 0.000010 0.000010
0.131272 0.000010 0.000010 0.000010 0.000010 0.000010 0.000010 0.868628 0.000010 0.000010 0.000010 0.000010
0.538573 0.000010 0.000010 0.000010 0.000010 0.000010 0.000010 0.287238 0.000010 0.047314 0.000010 0.126795
0.000010 0.000010 0.000010 0.000010 0.000010 0.000010 0.000010 0.000010 0.999890 0.000010 0.000010 0.000010
0.000010 0.000010 0.000010 0.000010 0.000010 0.000010 0.000010 0.618826 0.381074 0.000010 0.000010 0.000010
0.000010 0.000010 0.000010 0.000011 0.000010 0.000010 0.000010 0.000010 0.000010 0.999889 0.000010 0.000010
0.037447 0.000010 0.000010 0.000010 0.000010 0.000010 0.370406 0.176395 0.415672 0.000010 0.000010 0.000010
0.331446 0.000010 0.011692 0.000010 0.000011 0.000010 0.000010 0.656770 0.000010 0.000011 0.000010 0.000010
0.000010 0.000010 0.000010 0.000010 0.000010 0.000010 0.000010 0.036057 0.360689 0.603164 0.000010 0.000010
0.000010 0.000010 0.197579 0.000010 0.000010 0.000010 0.000010 0.000010 0.556972 0.000010 0.000010 0.245359
0.521696 0.000010 0.000010 0.000010 0.000010 0.203398 0.000010 0.000010 0.000010 0.274815 0.000010 0.000010
0.139749 0.000010 0.000010 0.000010 0.000010 0.000010 0.860151 0.000010 0.000010 0.000010 0.000010 0.000010
0.201076 0.005317 0.041298 0.000010 0.000011 0.206543 0.418932 0.073422 0.000010 0.015779 0.037593 0.000010
0.000010 0.000010 0.000010 0.000010 0.000010 0.000010 0.000010 0.136146 0.226293 0.637471 0.000010 0.000010
0.000010 0.000010 0.000010 0.000010 0.000010 0.013918 0.000010 0.000010 0.985982 0.000010 0.000010 0.000010
0.000010 0.000010 0.000010 0.000010 0.000010 0.000016 0.000010 0.154935 0.596712 0.248257 0.000010 0.000010
0.332228 0.000010 0.000010 0.000010 0.000010 0.000010 0.000010 0.541361 0.000010 0.000010 0.000010 0.126321
0.000010 0.000010 0.000010 0.000010 0.000010 0.000010 0.000010 0.000012 0.999887 0.000011 0.000010 0.000010
0.000010 0.000010 0.000010 0.000010 0.000010 0.000010 0.000010 0.999889 0.000011 0.000010 0.000010 0.000010
0.000010 0.000010 0.000010 0.999890 0.000010 0.000010 0.000010 0.000010 0.000010 0.000010 0.000010 0.000010
0.547517 0.000010 0.000010 0.000010 0.000010 0.287848 0.000010 0.000010 0.034070 0.088743 0.000010 0.041752
0.999890 0.000010 0.000010 0.000010 0.000010 0.000010 0.000010 0.000010 0.000010 0.000010 0.000010 0.000010
0.152612 0.000010 0.000010 0.000010 0.000010 0.000010 0.398905 0.000010 0.448393 0.000010 0.000010 0.000010
0.831570 0.000010 0.000010 0.000010 0.000010 0.069369 0.000010 0.049846 0.049135 0.000010 0.000010 0.000010
0.000010 0.000010 0.000010 0.637959 0.000010 0.000010 0.000010 0.000010 0.000010 0.000010 0.000010 0.361941
0.000010 0.000010 0.000010 0.000010 0.000010 0.185714 0.000010 0.000010 0.000010 0.000010 0.000010 0.814186
0.000010 0.000010 0.000010 0.999885 0.000010 0.000010 0.000010 0.000010 0.000010 0.000015 0.000010 0.000010
0.455893 0.000010 0.000010 0.000010 0.000010 0.000010 0.000010 0.000010 0.544007 0.000010 0.000010 0.000010
0.000010 0.000010 0.000010 0.000010 0.000010 0.000010 0.000010 0.999890 0.000010 0.000010 0.000010 0.000010
0.090905 0.000010 0.000010 0.000010 0.000010 0.000010 0.000010 0.710949 0.198056 0.000010 0.000010 0.000010
0.000010 0.000010 0.000010 0.000010 0.000010 0.000010 0.000010 0.000010 0.999890 0.000010 0.000010 0.000010
0.000010 0.000010 0.000010 0.000010 0.000010 0.000010 0.000010 0.659056 0.340844 0.000010 0.000010 0.000010
0.000010 0.000010 0.000010 0.000010 0.000010 0.000010 0.000010 0.762017 0.237883 0.000010 0.000010 0.000010
0.238621 0.016331 0.016619 0.000010 0.000010 0.000010 0.000017 0.000010 0.289362 0.236515 0.000010 0.202484
0.329154 0.000010 0.000010 0.000010 0.000010 0.670746 0.000010 0.000010 0.000010 0.000010 0.000010 0.000010
0.000010 0.000010 0.000010 0.346549 0.000010 0.466961 0.000010 0.045569 0.000010 0.140841 0.000010 0.000010
0.481581 0.000010 0.000010 0.000010 0.000010 0.000010 0.177203 0.000010 0.000010 0.000010 0.341126 0.000010
0.096273 0.000010 0.000010 0.027673 0.000010 0.385870 0.000010 0.000010 0.000010 0.103888 0.000010 0.386226
0.523583 0.000010 0.000010 0.000010 0.000010 0.000010 0.193890 0.000010 0.000010 0.130013 0.000010 0.152435
0.000010 0.000010 0.000010 0.031898 0.000010 0.059694 0.000010 0.771674 0.136654 0.000010 0.000010 0.000010
0.713091 0.000010 0.000010 0.000010 0.000010 0.000010 0.000010 0.000010 0.000010 0.030175 0.256644 0.000010
0.000010 0.000010 0.000010 0.000010 0.000010 0.000010 0.000010 0.000010 0.000010 0.999890 0.000010 0.000010
0.000010 0.000010 0.000010 0.000010 0.000010 0.000010 0.000010 0.000010 0.000010 0.999890 0.000010 0.000010
0.647131 0.000010 0.000010 0.000010 0.000010 0.000010 0.189134 0.000010 0.000010 0.000010 0.000010 0.163646
0.125609 0.000010 0.000010 0.000010 0.000010 0.000010 0.000010 0.455945 0.372704 0.045663 0.000010 0.000010
0.250816 0.029122 0.000010 0.000010 0.000010 0.228628 0.000010 0.000010 0.000010 0.055559 0.058308 0.377506
0.000010 0.000010 0.000010 0.000010 0.000010 0.000010 0.000010 0.915929 0.000010 0.083971 0.000010 0.000010
0.644540 0.000010 0.000010 0.000010 0.000010 0.000010 0.069996 0.000010 0.000010 0.023465 0.261918 0.000010
0.000010 0.000010 0.000010 0.000010 0.000010 0.607130 0.042395 0.000010 0.090527 0.065886 0.193991 0.000010
0.564857 0.000010 0.000010 0.000010 0.000010 0.000010 0.000010 0.000010 0.000010 0.435043 0.000010 0.000010
0.340042 0.000010 0.000010 0.000010 0.000010 0.296832 0.000010 0.276213 0.000010 0.000010 0.000010 0.086833
0.089363 0.000010 0.000010 0.000010 0.000010 0.000010 0.465350 0.003892 0.188823 0.000010 0.000010 0.252501
0.000010 0.000010 0.000010 0.000010 0.000010 0.000010 0.754142 0.000010 0.000010 0.000010 0.245758 0.000010
0.534856 0.000010 0.000010 0.000010 0.000010 0.289073 0.102237 0.000010 0.000010 0.000010 0.073754 0.000010
0.335882 0.000010 0.000010 0.000010 0.000010 0.000010 0.045438 0.000010 0.000010 0.000010 0.618589 0.000010
0.510799 0.000012 0.000010 0.000010 0.000010 0.000015 0.000014 0.208429 0.280671 0.000010 0.000010 0.000010
0.469632 0.000010 0.000010 0.000010 0.000010 0.000010 0.000010 0.530268 0.000010 0.000010 0.000010 0.000010
0.302071 0.000011 0.000010 0.000010 0.000010 0.000014 0.000010 0.000010 0.697824 0.000010 0.000010 0.000010
0.062080 0.000010 0.000010 0.000010 0.000010 0.000010 0.000010 0.701118 0.236713 0.000010 0.000010 0.000010
0.430999 0.000010 0.000010 0.000010 0.000010 0.000010 0.000010 0.153578 0.000010 0.000010 0.000010 0.415334
0.263380 0.000010 0.000010 0.000010 0.000010 0.000010 0.000010 0.180600 0.000010 0.000010 0.000010 0.555929
0.758516 0.000010 0.000010 0.000010 0.000010 0.000010 0.000010 0.000010 0.241384 0.000010 0.000010 0.000010
0.000010 0.000010 0.000010 0.000010 0.000010 0.000010 0.000010 0.000010 0.739447 0.245412 0.000010 0.015051
0.700810 0.000010 0.000010 0.000010 0.000010 0.000010 0.000010 0.000010 0.016124 0.000010 0.000010 0.282976
0.999885 0.000010 0.000015 0.000010 0.000010 0.000010 0.000010 0.000010 0.000010 0.000010 0.000010 0.000010
0.118442 0.000010 0.000010 0.000010 0.000010 0.000010 0.000010 0.055125 0.275318 0.000010 0.000010 0.551035
0.000010 0.000010 0.000010 0.000010 0.000010 0.000010 0.000010 0.000010 0.999884 0.000016 0.000010 0.000010
0.431252 0.000010 0.000010 0.000010 0.000010 0.205757 0.000010 0.000010 0.185900 0.078666 0.000010 0.098354
0.103672 0.000010 0.000010 0.000010 0.000010 0.318232 0.000010 0.000010 0.578007 0.000010 0.000010 0.000010
0.469099 0.000010 0.000010 0.000010 0.000012 0.000010 0.000010 0.000010 0.507914 0.022895 0.000010 0.000010
0.725858 0.000010 0.000010 0.000010 0.000010 0.000010 0.034777 0.000010 0.000010 0.200199 0.039086 0.000010
0.060183 0.000010 0.000010 0.000010 0.000010 0.000010 0.000010 0.939717 0.000010 0.000010 0.000010 0.000010
0.000010 0.000010 0.000010 0.000010 0.000010 0.000010 0.000010 0.172141 0.000010 0.827759 0.000010 0.000010
0.000013 0.000012 0.000018 0.000019 0.000010 0.000010 0.000010 0.999856 0.000013 0.000020 0.000010 0.000010
0.000010 0.000010 0.000010 0.000010 0.000010 0.000010 0.000010 0.217685 0.782215 0.000010 0.000010 0.000010
0.000010 0.000010 0.000010 0.000010 0.000010 0.000010 0.000010 0.999890 0.000010 0.000010 0.000010 0.000010
0.185163 0.000010 0.000010 0.000010 0.000010 0.000010 0.000010 0.618116 0.196631 0.000010 0.000010 0.000010
0.720490 0.000010 0.000010 0.000010 0.000010 0.062821 0.000010 0.188842 0.027759 0.000010 0.000018 0.000010
0.470367 0.000010 0.000010 0.000010 0.000010 0.081081 0.000010 0.000010 0.147968 0.082958 0.000010 0.217556
0.585064 0.000010 0.000010 0.019052 0.000010 0.000010 0.158850 0.000010 0.029099 0.071510 0.098303 0.038071
0.308096 0.055151 0.000010 0.000010 0.000010 0.175762 0.000010 0.000010 0.000010 0.000010 0.000010 0.460911
0.000010 0.000010 0.000010 0.877460 0.000010 0.000010 0.000010 0.000010 0.000010 0.000010 0.000010 0.122440
0.000010 0.000010 0.000010 0.000010 0.000010 0.000010 0.000010 0.000010 0.000010 0.000010 0.000010 0.999890
0.000010 0.000010 0.000010 0.343862 0.000010 0.000010 0.000010 0.000010 0.000010 0.000010 0.000010 0.656038
0.000010 0.000010 0.000010 0.000010 0.000010 0.000010 0.000010 0.000010 0.999890 0.000010 0.000010 0.000010
0.707516 0.000010 0.000010 0.000010 0.000010 0.131814 0.128900 0.000010 0.031689 0.000010 0.000010 0.000010
0.180988 0.000010 0.000010 0.000010 0.000010 0.053463 0.000010 0.097553 0.667917 0.000010 0.000010 0.000010
0.561396 0.000010 0.000010 0.000010 0.000010 0.027949 0.256869 0.000010 0.000010 0.000010 0.000010 0.153706
0.000010 0.000010 0.000010 0.000010 0.000010 0.325537 0.000010 0.000010 0.000010 0.000010 0.000010 0.674363
0.000010 0.000010 0.000012 0.000010 0.000010 0.000010 0.000010 0.999888 0.000010 0.000010 0.000010 0.000010
0.124060 0.000010 0.000010 0.000010 0.000010 0.875840 0.000010 0.000010 0.000010 0.000010 0.000010 0.000010
0.517278 0.000010 0.053610 0.083593 0.000010 0.000018 0.000010 0.000010 0.000010 0.041555 0.000010 0.303886
0.000010 0.000010 0.000010 0.000010 0.000010 0.000010 0.047719 0.186001 0.136950 0.000010 0.629250 0.000010
0.090688 0.000010 0.000010 0.000010 0.000010 0.000010 0.493258 0.072035 0.166366 0.177582 0.000010 0.000010
0.051409 0.000010 0.000010 0.000010 0.000010 0.000010 0.000010 0.388716 0.559785 0.000010 0.000010 0.000010
0.759410 0.000010 0.000010 0.000010 0.000010 0.000010 0.026847 0.000010 0.213654 0.000010 0.000010 0.000010
0.000010 0.000010 0.000010 0.000010 0.000010 0.000010 0.000010 0.000010 0.000010 0.000010 0.999890 0.000010
0.129897 0.000010 0.000010 0.000010 0.000010 0.000010 0.000010 0.435728 0.423979 0.000010 0.000010 0.010316
0.718603 0.000010 0.000010 0.000010 0.000010 0.033979 0.000010 0.000010 0.186909 0.000010 0.000010 0.060428
0.702516 0.000010 0.000010 0.000010 0.000010 0.113303 0.000012 0.000010 0.142355 0.000010 0.000010 0.041744
0.000010 0.000010 0.000010 0.000010 0.000010 0.000010 0.000010 0.288738 0.711162 0.000010 0.000010 0.000010
0.999890 0.000010 0.000010 0.000010 0.000010 0.000010 0.000010 0.000010 0.000010 0.000010 0.000010 0.000010
0.973716 0.000010 0.000010 0.000010 0.000010 0.000010 0.026184 0.000010 0.000010 0.000010 0.000010 0.000010
0.999890 0.000010 0.000010 0.000010 0.000010 0.000010 0.000010 0.000010 0.000010 0.000010 0.000010 0.000010
0.380269 0.000010 0.000010 0.000010 0.000010 0.000010 0.436845 0.000010 0.182796 0.000010 0.000010 0.000010
0.000010 0.000010 0.000010 0.000010 0.000010 0.000010 0.949032 0.000010 0.000010 0.000010 0.000010 0.050868
0.708460 0.000010 0.000010 0.000010 0.000010 0.291440 0.000010 0.000010 0.000010 0.000010 0.000010 0.000010
0.227680 0.000010 0.000010 0.000010 0.000010 0.000010 0.000010 0.000010 0.745551 0.026679 0.000010 0.000010
0.000010 0.000010 0.000010 0.000010 0.000010 0.000010 0.614162 0.167069 0.218678 0.000010 0.000010 0.000010
0.779430 0.000010 0.000010 0.000010 0.000010 0.000010 0.000010 0.000010 0.220470 0.000010 0.000010 0.000010
0.000010 0.000010 0.000011 0.000010 0.000010 0.000010 0.000010 0.999889 0.000010 0.000010 0.000010 0.000010
0.482258 0.000010 0.000010 0.000010 0.000010 0.000010 0.000010 0.000010 0.356322 0.000010 0.000010 0.161330
0.000010 0.000010 0.000010 0.000010 0.000010 0.000010 0.000010 0.316577 0.683323 0.000010 0.000010 0.000010
0.000010 0.000010 0.000010 0.000010 0.000010 0.000010 0.000010 0.736750 0.263150 0.000010 0.000010 0.000010
0.275683 0.000010 0.000010 0.000010 0.000010 0.285225 0.000010 0.000010 0.439003 0.000010 0.000010 0.000010
0.000010 0.000010 0.045711 0.269841 0.000010 0.319353 0.000010 0.102408 0.000010 0.181142 0.000010 0.081485
0.000010 0.000010 0.000010 0.482585 0.000010 0.175788 0.000010 0.000010 0.092233 0.249314 0.000010 0.000010
0.552114 0.000010 0.000010 0.000010 0.000010 0.000010 0.000010 0.447786 0.000010 0.000010 0.000010 0.000010
0.564479 0.000010 0.000010 0.000010 0.000010 0.000010 0.000010 0.051316 0.000010 0.000010 0.000010 0.384115
0.651657 0.000010 0.000010 0.000010 0.000010 0.021419 0.000010 0.000010 0.000010 0.000010 0.000010 0.326834
0.000010 0.000010 0.000010 0.000010 0.000010 0.000010 0.000010 0.000010 0.000010 0.000010 0.000010 0.999890
0.033788 0.000010 0.000010 0.000010 0.000010 0.000010 0.000010 0.415887 0.128179 0.000010 0.000010 0.422066
0.000010 0.000010 0.156091 0.738958 0.000010 0.000010 0.000010 0.095446 0.000010 0.009426 0.000010 0.000010
0.000010 0.000010 0.000010 0.000010 0.000010 0.883119 0.000010 0.000010 0.000010 0.000010 0.000010 0.116781
0.645950 0.000010 0.000010 0.000010 0.000010 0.000010 0.000010 0.215667 0.051388 0.000010 0.000010 0.086915
0.000010 0.000010 0.000010 0.324665 0.000010 0.000010 0.000010 0.000010 0.000010 0.000010 0.000010 0.675235
0.000010 0.000010 0.000010 0.999890 0.000010 0.000010 0.000010 0.000010 0.000010 0.000010 0.000010 0.000010
0.000010 0.000010 0.000010 0.000010 0.000010 0.000010 0.000010 0.000010 0.000010 0.000010 0.000010 0.999890
0.059196 0.000010 0.000010 0.562795 0.000010 0.129249 0.000010 0.000010 0.000010 0.000010 0.000010 0.248680
0.000010 0.000010 0.000010 0.647020 0.000010 0.000010 0.000010 0.000010 0.000010 0.000010 0.000010 0.352880
0.000010 0.000010 0.000010 0.444971 0.000010 0.000010 0.000010 0.000010 0.000010 0.000010 0.000010 0.554929
0.000010 0.000010 0.000010 0.999890 0.000010 0.000010 0.000010 0.000010 0.000010 0.000010 0.000010 0.000010
0.000010 0.000010 0.000010 0.039494 0.000010 0.705246 0.000010 0.255170 0.000010 0.000010 0.000010 0.000010
0.000010 0.000010 0.000010 0.000010 0.000010 0.999890 0.000010 0.000010 0.000010 0.000010 0.000010 0.000010
0.000010 0.000010 0.138150 0.000010 0.000010 0.663660 0.000010 0.000010 0.000010 0.000010 0.198100 0.000010
0.000010 0.000010 0.000010 0.000010 0.000010 0.510142 0.000010 0.000010 0.052783 0.091227 0.000010 0.345768
0.000010 0.000010 0.000010 0.339724 0.000010 0.000010 0.000010 0.000010 0.000010 0.000010 0.000010 0.660176
0.000010 0.000010 0.000010 0.000010 0.000010 0.877708 0.000010 0.000010 0.122192 0.000010 0.000010 0.000010
0.000010 0.000010 0.000010 0.000010 0.000010 0.999890 0.000010 0.000010 0.000010 0.000010 0.000010 0.000010
0.035241 0.000010 0.000010 0.000010 0.000010 0.703594 0.000010 0.000010 0.000010 0.000010 0.000010 0.261075
0.000010 0.000010 0.000010 0.000010 0.000010 0.999890 0.000010 0.000010 0.000010 0.000010 0.000010 0.000010
0.347471 0.000010 0.000010 0.000010 0.000010 0.000010 0.000010 0.000010 0.652429 0.000010 0.000010 0.000010
0.215406 0.000010 0.000010 0.000010 0.000010 0.082965 0.050243 0.000010 0.651307 0.000010 0.000010 0.000010
0.000010 0.000010 0.000010 0.000010 0.000010 0.000010 0.000010 0.000010 0.511893 0.488007 0.000010 0.000010
0.643408 0.000010 0.000010 0.000010 0.000010 0.000010 0.000010 0.005055 0.338458 0.013000 0.000010 0.000010
0.000010 0.000010 0.000010 0.000019 0.000010 0.430365 0.000010 0.000010 0.000010 0.000010 0.000010 0.569526
0.000010 0.000010 0.000010 0.000010 0.000010 0.441057 0.000010 0.000010 0.000010 0.000010 0.000010 0.558843
0.296587 0.000010 0.000010 0.029260 0.000010 0.325789 0.000010 0.000010 0.000010 0.194875 0.000010 0.153419
0.423514 0.000010 0.000010 0.000010 0.000010 0.000010 0.000010 0.049335 0.000010 0.021749 0.000010 0.505323
0.398508 0.000010 0.000010 0.000010 0.000010 0.082141 0.000010 0.000010 0.000010 0.000010 0.090275 0.428996
0.391472 0.000010 0.000010 0.000010 0.000010 0.000010 0.000010 0.000010 0.044810 0.068954 0.000010 0.494684
0.147465 0.000010 0.000010 0.000010 0.000010 0.000010 0.000010 0.000010 0.207294 0.421070 0.000010 0.224091
0.789021 0.000010 0.000010 0.000010 0.000010 0.000010 0.000010 0.000010 0.000010 0.033772 0.000010 0.177116
0.609961 0.000010 0.000010 0.000010 0.000010 0.096994 0.000010 0.064496 0.076507 0.000010 0.000010 0.151973
0.830370 0.000010 0.000010 0.000010 0.000010 0.000010 0.169530 0.000010 0.000010 0.000010 0.000010 0.000010
0.000010 0.000010 0.000010 0.000010 0.000010 0.000010 0.820954 0.000010 0.000011 0.000010 0.178944 0.000010
0.000010 0.000014 0.000010 0.000010 0.000010 0.000010 0.472544 0.000010 0.000010 0.000010 0.527352 0.000010
0.714780 0.000010 0.000014 0.000011 0.000010 0.000018 0.000010 0.285107 0.000010 0.000010 0.000010 0.000010
0.189881 0.000010 0.000010 0.066266 0.000010 0.129619 0.443722 0.014044 0.000010 0.156408 0.000010 0.000010
0.436985 0.000010 0.000010 0.000010 0.000010 0.152732 0.151377 0.000010 0.000011 0.000010 0.000010 0.258825
0.058043 0.000010 0.000010 0.000010 0.000010 0.000010 0.316930 0.000010 0.000010 0.000010 0.624937 0.000010
0.000010 0.000010 0.000011 0.000010 0.000010 0.000010 0.779848 0.000010 0.000010 0.000010 0.220051 0.000010
0.401233 0.000010 0.000010 0.019236 0.051842 0.000010 0.000010 0.000010 0.000010 0.163571 0.000010 0.364048
0.000010 0.000010 0.000010 0.000010 0.999890 0.000010 0.000010 0.000010 0.000010 0.000010 0.000010 0.000010
0.000010 0.000010 0.046587 0.000010 0.000010 0.000010 0.953313 0.000010 0.000010 0.000010 0.000010 0.000010
0.092126 0.000010 0.000010 0.000010 0.000010 0.000010 0.907774 0.000010 0.000010 0.000010 0.000010 0.000010
0.089952 0.000010 0.460257 0.000010 0.000010 0.000010 0.030294 0.106548 0.000010 0.050156 0.250050 0.012692
0.164390 0.000010 0.000010 0.000010 0.000010 0.000010 0.000010 0.000010 0.000010 0.000010 0.636139 0.199381
0.000010 0.000010 0.000010 0.000010 0.000010 0.000010 0.000010 0.000010 0.000010 0.000010 0.888412 0.111488
0.000010 0.000010 0.000010 0.000010 0.000010 0.000010 0.000010 0.000010 0.000010 0.000010 0.999890 0.000010
0.999890 0.000010 0.000010 0.000010 0.000010 0.000010 0.000010 0.000010 0.000010 0.000010 0.000010 0.000010
0.234423 0.000010 0.000010 0.294891 0.000010 0.000010 0.227443 0.000010 0.000010 0.243163 0.000010 0.000010
0.540271 0.000010 0.000010 0.016050 0.000010 0.000010 0.000010 0.195681 0.000010 0.118934 0.000010 0.128995
0.528304 0.000010 0.000010 0.000010 0.000010 0.000010 0.471596 0.000010 0.000010 0.000010 0.000010 0.000010
0.000010 0.000010 0.000010 0.000010 0.000010 0.000010 0.000010 0.313612 0.000010 0.686288 0.000010 0.000010
0.000010 0.000010 0.000010 0.000010 0.000010 0.000010 0.000010 0.000010 0.000010 0.000010 0.999890 0.000010
0.000010 0.000010 0.000010 0.000010 0.999890 0.000010 0.000010 0.000010 0.000010 0.000010 0.000010 0.000010
0.000010 0.000010 0.182443 0.000010 0.064193 0.000010 0.265951 0.000010 0.000010 0.000010 0.487332 0.000010
0.000010 0.000010 0.379522 0.000010 0.620378 0.000010 0.000010 0.000010 0.000010 0.000010 0.000010 0.000010
