0.474989 0.000010 0.000010 0.524941 0.000010 0.000010 0.000010 0.000010 0.000010
0.000010 0.000010 0.000010 0.999920 0.000010 0.000010 0.000010 0.000010 0.000010
0.000010 0.000010 0.033486 0.383964 0.526111 0.000010 0.000010 0.000010 0.056389
0.999920 0.000010 0.000010 0.000010 0.000010 0.000010 0.000010 0.000010 0.000010
0.251715 0.000010 0.000010 0.748215 0.000010 0.000010 0.000010 0.000010 0.000010
0.000010 0.000010 0.000010 0.330093 0.000010 0.000010 0.000010 0.000010 0.669837
0.000010 0.000010 0.000010 0.545036 0.454894 0.000010 0.000010 0.000010 0.000010
0.000010 0.000010 0.000010 0.177540 0.000010 0.000010 0.000010 0.000010 0.822390
0.000010 0.010991 0.902808 0.000010 0.020416 0.000010 0.065735 0.000010 0.000010
0.000010 0.000010 0.000010 0.000010 0.000010 0.000010 0.000010 0.000010 0.999920
0.000010 0.000010 0.000010 0.000010 0.000010 0.000010 0.000010 0.000010 0.999920
0.609518 0.000010 0.000010 0.000010 0.000010 0.000010 0.390412 0.000010 0.000010
0.000010 0.000010 0.000010 0.190636 0.185983 0.000010 0.000010 0.000010 0.623321
0.000013 0.000010 0.000010 0.000010 0.000010 0.000010 0.000010 0.000010 0.999917
0.000010 0.000010 0.000010 0.000010 0.000010 0.000010 0.000010 0.000010 0.999920
0.000010 0.000010 0.000010 0.351582 0.385743 0.000010 0.000010 0.000010 0.262615
0.027004 0.000010 0.000014 0.258373 0.167723 0.000010 0.000010 0.000010 0.546846
0.000010 0.000010 0.000010 0.000010 0.334423 0.000010 0.000010 0.000010 0.665507
0.000010 0.000010 0.000010 0.261555 0.000010 0.000010 0.000010 0.000010 0.738375
0.000010 0.040430 0.000010 0.263801 0.035934 0.000010 0.067185 0.000010 0.592610
0.000010 0.000010 0.000010 0.000010 0.000010 0.000010 0.000010 0.000010 0.999920
0.000010 0.000010 0.000010 0.145873 0.000010 0.000010 0.000010 0.000010 0.854057
0.000010 0.000010 0.000010 0.273253 0.000010 0.000010 0.726677 0.000010 0.000010
0.052404 0.000010 0.000010 0.121489 0.074181 0.000015 0.000010 0.000010 0.751871
0.000010 0.025184 0.845903 0.000010 0.000010 0.000010 0.128853 0.000010 0.000010
0.000010 0.000010 0.707138 0.000010 0.018917 0.000010 0.000010 0.000010 0.273885
0.000012 0.000013 0.000010 0.000010 0.000010 0.999915 0.000010 0.000010 0.000010
0.999917 0.000010 0.000010 0.000010 0.000010 0.000010 0.000013 0.000010 0.000010
0.000010 0.000010 0.000010 0.000010 0.000010 0.000010 0.000010 0.999920 0.000010
0.000010 0.000010 0.000010 0.000010 0.000010 0.000010 0.000010 0.000010 0.999920
0.000010 0.000010 0.000010 0.000010 0.000010 0.000010 0.000010 0.000010 0.999920
0.000010 0.000012 0.000018 0.000010 0.000010 0.000010 0.000018 0.999902 0.000010
0.000010 0.000010 0.000010 0.000010 0.000010 0.000010 0.000010 0.999920 0.000010
0.000010 0.084862 0.604498 0.034452 0.000010 0.000010 0.084896 0.191252 0.000010
0.000010 0.000010 0.661420 0.000010 0.056927 0.000010 0.000010 0.000010 0.281593
0.000010 0.000010 0.000011 0.000010 0.000010 0.999919 0.000010 0.000010 0.000010
0.020954 0.127255 0.058902 0.000010 0.000010 0.175088 0.000010 0.617761 0.000010
0.000010 0.000010 0.867173 0.000010 0.000010 0.130054 0.002714 0.000010 0.000010
0.000010 0.000010 0.853481 0.000010 0.000010 0.000010 0.000010 0.000010 0.146449
0.000010 0.000010 0.960899 0.000010 0.000010 0.000010 0.039031 0.000010 0.000010
0.000010 0.000010 0.836261 0.000010 0.000010 0.000010 0.000010 0.000010 0.163669
0.000010 0.000010 0.999920 0.000010 0.000010 0.000010 0.000010 0.000010 0.000010
0.000010 0.000010 0.000010 0.000010 0.000010 0.999920 0.000010 0.000010 0.000010
0.000010 0.000013 0.000010 0.000010 0.000010 0.999917 0.000010 0.000010 0.000010
0.000010 0.000010 0.000010 0.000010 0.000010 0.000010 0.000010 0.999920 0.000010
0.000010 0.000010 0.000010 0.000010 0.000010 0.999919 0.000011 0.000010 0.000010
0.000010 0.000010 0.999920 0.000010 0.000010 0.000010 0.000010 0.000010 0.000010
0.000010 0.000010 0.999920 0.000010 0.000010 0.000010 0.000010 0.000010 0.000010
0.000010 0.000010 0.616955 0.000010 0.000010 0.000010 0.000010 0.000010 0.382975
0.000010 0.000010 0.000010 0.000010 0.000010 0.000010 0.000010 0.999920 0.000010
0.000010 0.000010 0.000010 0.000019 0.000017 0.000010 0.000010 0.999904 0.000010
0.000010 0.000010 0.000010 0.000010 0.000010 0.000010 0.000010 0.999920 0.000010
0.045869 0.000010 0.839301 0.000010 0.000010 0.000010 0.000010 0.000010 0.114770
0.000010 0.000010 0.000010 0.000010 0.000010 0.999920 0.000010 0.000010 0.000010
0.000011 0.000010 0.000010 0.000010 0.000010 0.999919 0.000010 0.000010 0.000010
0.000010 0.000010 0.000013 0.000010 0.000010 0.999917 0.000010 0.000010 0.000010
0.000010 0.000010 0.999920 0.000010 0.000010 0.000010 0.000010 0.000010 0.000010
0.000010 0.000010 0.999920 0.000010 0.000010 0.000010 0.000010 0.000010 0.000010
0.000010 0.000010 0.999920 0.000010 0.000010 0.000010 0.000010 0.000010 0.000010
0.000018 0.000010 0.999912 0.000010 0.000010 0.000010 0.000010 0.000010 0.000010
0.000010 0.000010 0.955201 0.000010 0.000010 0.044729 0.000010 0.000010 0.000010
0.000010 0.000010 0.999920 0.000010 0.000010 0.000010 0.000010 0.000010 0.000010
0.000010 0.000010 0.000010 0.269623 0.000010 0.000010 0.000010 0.000010 0.730307
0.000010 0.000010 0.000010 0.309563 0.126990 0.000010 0.000010 0.000010 0.563386
0.745067 0.000010 0.000010 0.254863 0.000010 0.000010 0.000010 0.000010 0.000010
0.048436 0.000010 0.000010 0.514981 0.000013 0.000010 0.436520 0.000010 0.000010
0.000010 0.000010 0.000010 0.345536 0.654384 0.000019 0.000010 0.000010 0.000010
0.000010 0.000010 0.000010 0.647830 0.205221 0.000010 0.146890 0.000010 0.000010
0.000010 0.000010 0.000010 0.758689 0.241241 0.000010 0.000010 0.000010 0.000010
0.000010 0.000010 0.000010 0.648488 0.210793 0.000010 0.140659 0.000010 0.000010
0.000010 0.000010 0.000010 0.270457 0.729473 0.000010 0.000010 0.000010 0.000010
0.000010 0.000010 0.000010 0.999920 0.000010 0.000010 0.000010 0.000010 0.000010
0.000010 0.013025 0.000010 0.797785 0.161674 0.000010 0.027466 0.000010 0.000010
0.292039 0.000010 0.000010 0.641508 0.000010 0.000010 0.000010 0.000010 0.066393
0.000010 0.118203 0.000010 0.732916 0.000010 0.000010 0.148821 0.000010 0.000010
0.021332 0.000010 0.000010 0.241282 0.624949 0.000010 0.112387 0.000010 0.000010
0.000010 0.238602 0.000010 0.133811 0.627527 0.000010 0.000010 0.000010 0.000010
0.065358 0.000010 0.000010 0.522148 0.000010 0.000010 0.000010 0.000010 0.412434
0.000010 0.000010 0.000010 0.921889 0.078041 0.000010 0.000010 0.000010 0.000010
0.185567 0.000010 0.000010 0.705834 0.006661 0.000010 0.101888 0.000010 0.000010
0.000010 0.000010 0.000010 0.822110 0.177820 0.000010 0.000010 0.000010 0.000010
0.000010 0.000010 0.000010 0.238857 0.000010 0.000010 0.000010 0.000010 0.761073
0.712833 0.000010 0.000010 0.287097 0.000010 0.000010 0.000010 0.000010 0.000010
0.731310 0.003877 0.000010 0.000010 0.000010 0.000010 0.264753 0.000010 0.000010
0.000010 0.000010 0.000010 0.000010 0.000010 0.000010 0.999920 0.000010 0.000010
0.000010 0.000010 0.000010 0.000010 0.000010 0.000010 0.999920 0.000010 0.000010
0.248359 0.000010 0.000010 0.000010 0.000010 0.000010 0.751571 0.000010 0.000010
0.999920 0.000010 0.000010 0.000010 0.000010 0.000010 0.000010 0.000010 0.000010
0.294862 0.000010 0.000010 0.705068 0.000010 0.000010 0.000010 0.000010 0.000010
0.000010 0.054215 0.000010 0.285528 0.292395 0.000010 0.367813 0.000010 0.000010
0.000010 0.000010 0.000010 0.700810 0.186235 0.000010 0.112896 0.000010 0.000010
0.014309 0.000010 0.000010 0.719344 0.100503 0.000010 0.165794 0.000010 0.000010
0.000010 0.000010 0.000010 0.000010 0.656647 0.000010 0.343283 0.000010 0.000010
0.000010 0.000010 0.000010 0.422481 0.000010 0.000010 0.577449 0.000010 0.000010
0.675326 0.000010 0.000010 0.324604 0.000010 0.000010 0.000010 0.000010 0.000010
0.999920 0.000010 0.000010 0.000010 0.000010 0.000010 0.000010 0.000010 0.000010
0.000010 0.000010 0.000010 0.000010 0.000010 0.000010 0.999920 0.000010 0.000010
0.136730 0.000010 0.000010 0.155141 0.000010 0.000010 0.708062 0.000017 0.000010
0.876131 0.000010 0.000010 0.123799 0.000010 0.000010 0.000010 0.000010 0.000010
0.351527 0.035567 0.000010 0.582229 0.030627 0.000010 0.000010 0.000010 0.000010
0.034287 0.000010 0.000010 0.000010 0.000010 0.000010 0.965643 0.000010 0.000010
0.694440 0.000010 0.000010 0.000010 0.000010 0.000010 0.305490 0.000010 0.000010
0.000010 0.000010 0.000010 0.000010 0.000010 0.000010 0.999920 0.000010 0.000010
0.284860 0.000010 0.000010 0.151268 0.000010 0.000010 0.276349 0.000010 0.287473
0.697792 0.000010 0.000010 0.302138 0.000010 0.000010 0.000010 0.000010 0.000010
0.098132 0.000010 0.000014 0.000010 0.000010 0.000010 0.901794 0.000010 0.000010
0.042904 0.000010 0.174037 0.000010 0.254339 0.000010 0.528670 0.000010 0.000010
0.000010 0.059133 0.000010 0.641103 0.126433 0.000010 0.173282 0.000010 0.000010
0.000010 0.000010 0.000012 0.305543 0.000010 0.000010 0.000010 0.000010 0.694385
0.071264 0.000010 0.119140 0.306076 0.130721 0.000010 0.000010 0.000010 0.372759
0.146935 0.000010 0.000010 0.000010 0.000010 0.000010 0.852995 0.000010 0.000010
0.033588 0.000010 0.000010 0.000016 0.140516 0.000010 0.825830 0.000010 0.000010
0.229776 0.000010 0.000010 0.000010 0.000010 0.000010 0.770154 0.000010 0.000010
0.566174 0.025115 0.000010 0.392874 0.015786 0.000010 0.000010 0.000010 0.000010
0.000010 0.000013 0.000010 0.000010 0.000010 0.000010 0.999917 0.000010 0.000010
0.999920 0.000010 0.000010 0.000010 0.000010 0.000010 0.000010 0.000010 0.000010
0.000010 0.999920 0.000010 0.000010 0.000010 0.000010 0.000010 0.000010 0.000010
0.000010 0.000010 0.000010 0.659477 0.210935 0.000010 0.129528 0.000010 0.000010
0.000010 0.000010 0.000010 0.999920 0.000010 0.000010 0.000010 0.000010 0.000010
0.000010 0.000010 0.000010 0.271132 0.000010 0.000010 0.379280 0.000010 0.349528
0.099389 0.000010 0.000010 0.883515 0.017036 0.000010 0.000010 0.000010 0.000010
0.000010 0.607107 0.000010 0.000010 0.392823 0.000010 0.000010 0.000010 0.000010
0.000010 0.000010 0.000010 0.000010 0.999920 0.000010 0.000010 0.000010 0.000010
0.000010 0.999920 0.000010 0.000010 0.000010 0.000010 0.000010 0.000010 0.000010
0.000010 0.000010 0.000010 0.556836 0.000010 0.000010 0.443094 0.000010 0.000010
0.999920 0.000010 0.000010 0.000010 0.000010 0.000010 0.000010 0.000010 0.000010
0.794279 0.000010 0.000010 0.111725 0.000010 0.000014 0.093931 0.000010 0.000010
0.000010 0.000010 0.000010 0.000010 0.000010 0.000010 0.999920 0.000010 0.000010
0.711825 0.000010 0.000010 0.000010 0.000010 0.000012 0.288104 0.000010 0.000010
0.864032 0.000010 0.000010 0.000010 0.000010 0.000010 0.135898 0.000010 0.000010
0.028498 0.000067 0.063952 0.345387 0.000010 0.000010 0.562056 0.000010 0.000010
0.000010 0.000010 0.000010 0.528149 0.471781 0.000010 0.000010 0.000010 0.000010
0.083840 0.400332 0.000010 0.033104 0.370963 0.000010 0.111721 0.000010 0.000010
0.000010 0.000010 0.227543 0.537072 0.000010 0.000010 0.000010 0.000010 0.235324
0.000015 0.040300 0.000010 0.170499 0.701135 0.000010 0.088012 0.000010 0.000010
0.000010 0.031727 0.000010 0.674475 0.002892 0.000010 0.117326 0.000010 0.173540
0.826731 0.027704 0.000010 0.000010 0.073483 0.000010 0.072032 0.000010 0.000010
0.000010 0.000010 0.202269 0.737137 0.000010 0.000010 0.011474 0.000010 0.049070
0.000010 0.000010 0.000010 0.000010 0.000010 0.000010 0.999920 0.000010 0.000010
0.000010 0.000010 0.000010 0.000015 0.000010 0.000010 0.999915 0.000010 0.000010
0.000010 0.000010 0.000010 0.705076 0.117855 0.000018 0.000010 0.000010 0.177000
0.476284 0.000010 0.000016 0.151111 0.000010 0.000010 0.372538 0.000010 0.000010
0.000010 0.036662 0.119772 0.319590 0.523926 0.000010 0.000010 0.000010 0.000010
0.999920 0.000010 0.000010 0.000010 0.000010 0.000010 0.000010 0.000010 0.000010
0.000010 0.028855 0.157804 0.666147 0.000010 0.000010 0.000010 0.000010 0.147144
0.000010 0.000010 0.239871 0.067896 0.538027 0.000010 0.032123 0.000010 0.122043
0.000010 0.066421 0.000010 0.649336 0.000010 0.000010 0.284182 0.000010 0.000010
0.259668 0.000010 0.000010 0.418608 0.321664 0.000010 0.000010 0.000010 0.000010
0.003185 0.002323 0.000010 0.326342 0.119355 0.000010 0.145623 0.000010 0.403142
0.000010 0.000010 0.000010 0.000010 0.000010 0.000010 0.000010 0.000010 0.999920
0.000010 0.000010 0.000010 0.664920 0.140513 0.000010 0.000010 0.000010 0.194506
0.000010 0.000013 0.328936 0.190921 0.000010 0.000010 0.000010 0.000010 0.480080
0.238432 0.000010 0.000010 0.502677 0.000010 0.000010 0.258831 0.000010 0.000010
0.538670 0.000010 0.000010 0.461260 0.000010 0.000010 0.000010 0.000010 0.000010
0.000010 0.000010 0.000010 0.409053 0.000010 0.000010 0.590877 0.000010 0.000010
0.828613 0.000010 0.000010 0.056539 0.000010 0.000010 0.114788 0.000010 0.000010
0.167075 0.000010 0.000010 0.404514 0.428352 0.000010 0.000010 0.000010 0.000010
0.180175 0.000010 0.000010 0.244529 0.575236 0.000010 0.000010 0.000010 0.000010
0.019706 0.000010 0.000010 0.759835 0.000010 0.000010 0.220399 0.000010 0.000010
0.000010 0.000010 0.000010 0.000010 0.000010 0.000010 0.999920 0.000010 0.000010
0.012589 0.000010 0.000010 0.772017 0.088164 0.000010 0.127180 0.000010 0.000010
0.000010 0.000010 0.000010 0.999920 0.000010 0.000010 0.000010 0.000010 0.000010
0.158822 0.000010 0.006919 0.092219 0.460959 0.000010 0.281040 0.000010 0.000010
0.000010 0.000010 0.000012 0.000010 0.000010 0.000010 0.999918 0.000010 0.000010
0.000010 0.000010 0.000010 0.591651 0.198461 0.000010 0.209828 0.000010 0.000010
0.000010 0.000010 0.000010 0.379121 0.187829 0.000010 0.432990 0.000010 0.000010
0.000010 0.000010 0.000010 0.503406 0.000010 0.000010 0.496524 0.000010 0.000010
0.000010 0.028228 0.000010 0.750549 0.000010 0.000010 0.133667 0.000010 0.087506
0.945530 0.000010 0.000010 0.054390 0.000010 0.000010 0.000020 0.000010 0.000010
0.152474 0.000010 0.000014 0.000524 0.000013 0.000010 0.846935 0.000010 0.000010
0.999918 0.000010 0.000010 0.000011 0.000010 0.000011 0.000010 0.000010 0.000010
0.212483 0.000010 0.000010 0.000015 0.000010 0.000010 0.787443 0.000010 0.000010
0.999920 0.000010 0.000010 0.000010 0.000010 0.000010 0.000010 0.000010 0.000010
0.682965 0.000010 0.000010 0.180288 0.000010 0.000010 0.136686 0.000011 0.000010
0.217847 0.000010 0.000010 0.758616 0.000018 0.000010 0.023470 0.000010 0.000010
0.000010 0.000010 0.000010 0.543503 0.198473 0.000012 0.257963 0.000010 0.000010
0.000010 0.026392 0.046705 0.674359 0.000010 0.000010 0.101113 0.000010 0.151392
0.000010 0.000010 0.054091 0.336040 0.609808 0.000010 0.000010 0.000010 0.000010
0.000010 0.887532 0.000010 0.000010 0.112398 0.000010 0.000010 0.000010 0.000010
0.000010 0.000010 0.000010 0.000010 0.999920 0.000010 0.000010 0.000010 0.000010
0.018688 0.372191 0.000010 0.000018 0.603116 0.000010 0.005947 0.000010 0.000010
0.000010 0.000017 0.000010 0.000010 0.000010 0.000010 0.999913 0.000010 0.000010
0.000010 0.000010 0.000010 0.841485 0.030032 0.000010 0.027949 0.000010 0.100484
0.182177 0.000010 0.000010 0.268272 0.000010 0.000010 0.549491 0.000010 0.000010
0.000010 0.000013 0.000010 0.595486 0.118493 0.000010 0.041599 0.000010 0.244369
0.000010 0.000010 0.000010 0.000010 0.999920 0.000010 0.000010 0.000010 0.000010
0.999920 0.000010 0.000010 0.000010 0.000010 0.000010 0.000010 0.000010 0.000010
0.000010 0.000010 0.000010 0.469361 0.530569 0.000010 0.000010 0.000010 0.000010
0.000012 0.246610 0.000010 0.636299 0.106283 0.000010 0.010756 0.000010 0.000010
0.285948 0.000010 0.562109 0.000010 0.000010 0.000010 0.017560 0.000010 0.134333
0.178305 0.067705 0.000010 0.163010 0.000010 0.000010 0.155038 0.000010 0.435902
0.514660 0.000013 0.000010 0.079701 0.000010 0.000010 0.405575 0.000010 0.000010
0.044367 0.000010 0.000010 0.825794 0.000010 0.000010 0.129779 0.000010 0.000010
0.000010 0.000010 0.857296 0.000010 0.000010 0.000016 0.000010 0.000010 0.142628
0.552995 0.000010 0.000016 0.129987 0.099694 0.000010 0.217267 0.000010 0.000010
0.000010 0.000010 0.000010 0.769325 0.056324 0.000010 0.174290 0.000010 0.000010
0.000010 0.000010 0.000010 0.796981 0.146990 0.000010 0.055968 0.000010 0.000010
0.344527 0.000010 0.000010 0.000010 0.000010 0.000010 0.655403 0.000010 0.000010
0.000010 0.000010 0.000010 0.999920 0.000010 0.000010 0.000010 0.000010 0.000010
0.000010 0.000010 0.000010 0.999920 0.000010 0.000010 0.000010 0.000010 0.000010
0.000010 0.000010 0.000010 0.999920 0.000010 0.000010 0.000010 0.000010 0.000010
0.134010 0.000010 0.000010 0.432745 0.000010 0.000010 0.058879 0.000010 0.374316
0.000010 0.000010 0.000010 0.183121 0.064670 0.000010 0.000010 0.000010 0.752149
0.000010 0.000010 0.000010 0.839901 0.160029 0.000010 0.000010 0.000010 0.000010
0.030220 0.000010 0.000010 0.274973 0.000010 0.000010 0.694747 0.000010 0.000010
0.309127 0.000010 0.000010 0.000010 0.000010 0.000010 0.103244 0.000010 0.587569
0.039946 0.000010 0.000010 0.775556 0.000010 0.000010 0.184438 0.000010 0.000010
0.999920 0.000010 0.000010 0.000010 0.000010 0.000010 0.000010 0.000010 0.000010
0.014690 0.000010 0.000010 0.543329 0.052821 0.000010 0.389111 0.000010 0.000010
0.401628 0.000010 0.000010 0.000010 0.000010 0.000010 0.598302 0.000010 0.000010
0.805861 0.000010 0.000010 0.000010 0.000010 0.000010 0.194069 0.000010 0.000010
0.051420 0.000012 0.000010 0.358384 0.219715 0.000010 0.370428 0.000010 0.000010
0.149794 0.356505 0.000016 0.043066 0.357538 0.000010 0.093051 0.000010 0.000010
0.000010 0.529910 0.000010 0.000010 0.188103 0.000010 0.281928 0.000010 0.000010
0.455477 0.000010 0.000010 0.544453 0.000010 0.000010 0.000010 0.000010 0.000010
0.065304 0.000010 0.000010 0.658135 0.080659 0.000010 0.195853 0.000010 0.000010
0.000010 0.000010 0.019199 0.746880 0.233861 0.000010 0.000010 0.000010 0.000010
0.000010 0.000010 0.000010 0.000010 0.956819 0.000010 0.043111 0.000010 0.000010
0.436777 0.000010 0.000010 0.045938 0.305870 0.000013 0.211361 0.000010 0.000010
0.161061 0.838869 0.000010 0.000010 0.000010 0.000010 0.000010 0.000010 0.000010
0.000010 0.000010 0.000010 0.000010 0.999920 0.000010 0.000010 0.000010 0.000010
0.227645 0.000010 0.000010 0.670475 0.000010 0.000010 0.101820 0.000010 0.000010
0.000010 0.300527 0.000010 0.000010 0.699395 0.000010 0.000014 0.000013 0.000010
0.000010 0.881732 0.000010 0.000010 0.118198 0.000010 0.000010 0.000010 0.000010
0.112232 0.080416 0.000010 0.000010 0.635708 0.000010 0.171594 0.000010 0.000010
0.000010 0.492490 0.000010 0.000010 0.507440 0.000010 0.000010 0.000010 0.000010
0.000010 0.619079 0.000010 0.000010 0.380851 0.000010 0.000010 0.000010 0.000010
0.000010 0.474898 0.000010 0.000010 0.525032 0.000010 0.000010 0.000010 0.000010
0.000010 0.999920 0.000010 0.000010 0.000010 0.000010 0.000010 0.000010 0.000010
0.266372 0.069918 0.000010 0.000010 0.663649 0.000010 0.000010 0.000010 0.000010
0.000010 0.000010 0.000010 0.266080 0.733850 0.000010 0.000010 0.000010 0.000010
0.000010 0.000010 0.438425 0.059201 0.502314 0.000010 0.000010 0.000010 0.000010
0.000010 0.000010 0.000010 0.000010 0.841504 0.000010 0.158426 0.000010 0.000010
0.000010 0.327949 0.000010 0.000010 0.671971 0.000010 0.000012 0.000018 0.000010
0.000010 0.000010 0.000010 0.000010 0.991743 0.000016 0.008181 0.000010 0.000010
0.000010 0.000010 0.000010 0.000010 0.999920 0.000010 0.000010 0.000010 0.000010
0.000010 0.000010 0.000010 0.197537 0.802393 0.000010 0.000010 0.000010 0.000010
0.000010 0.000010 0.000010 0.000010 0.999920 0.000010 0.000010 0.000010 0.000010
0.000010 0.000010 0.000010 0.411398 0.000010 0.000010 0.588532 0.000010 0.000010
0.000010 0.000010 0.000010 0.401377 0.080209 0.000010 0.491281 0.000010 0.027083
0.000010 0.000010 0.000010 0.000010 0.000010 0.000010 0.999920 0.000010 0.000010
0.026446 0.000010 0.000010 0.656814 0.000010 0.000010 0.316681 0.000010 0.000010
0.000010 0.000010 0.000010 0.000010 0.999920 0.000010 0.000010 0.000010 0.000010
0.000010 0.000018 0.000010 0.000010 0.999912 0.000010 0.000010 0.000010 0.000010
0.000010 0.026852 0.000010 0.365227 0.411487 0.000010 0.196384 0.000010 0.000010
0.085955 0.000010 0.000010 0.415531 0.308235 0.000010 0.190229 0.000010 0.000010
0.000010 0.000010 0.108113 0.466747 0.425080 0.000010 0.000010 0.000010 0.000010
0.000010 0.076427 0.000010 0.495997 0.280229 0.000010 0.147298 0.000010 0.000010
0.012753 0.018629 0.000010 0.219128 0.139324 0.000010 0.610125 0.000010 0.000010
0.000010 0.000010 0.000010 0.848299 0.099375 0.000010 0.052266 0.000010 0.000010
0.077692 0.000018 0.000010 0.696683 0.163230 0.000017 0.062329 0.000010 0.000010
0.000010 0.000010 0.000010 0.873568 0.000010 0.000010 0.000010 0.000010 0.126362
0.000010 0.000010 0.000010 0.000010 0.000010 0.000010 0.000010 0.000010 0.999920
0.000010 0.000010 0.000011 0.000010 0.000010 0.000010 0.000010 0.000010 0.999919
0.296421 0.000010 0.000010 0.703509 0.000010 0.000010 0.000010 0.000010 0.000010
0.027083 0.173681 0.005610 0.387010 0.054079 0.000010 0.000010 0.000010 0.352507
0.000010 0.000010 0.000010 0.595336 0.315013 0.000010 0.000010 0.000010 0.089591
0.000010 0.000010 0.124143 0.000010 0.000010 0.000010 0.000010 0.000010 0.875787
0.000010 0.000010 0.000010 0.000010 0.000010 0.000010 0.000010 0.000010 0.999920
0.000010 0.151751 0.000010 0.544982 0.000010 0.000010 0.255798 0.047418 0.000010
0.000016 0.000010 0.000010 0.000010 0.000016 0.000010 0.000010 0.999908 0.000010
0.000010 0.000010 0.000010 0.000010 0.000010 0.000010 0.000010 0.000010 0.999920
0.000010 0.000010 0.000010 0.143489 0.000010 0.000010 0.000010 0.000010 0.856441
0.116354 0.117737 0.543584 0.060997 0.000010 0.000010 0.046374 0.000010 0.114924
0.000010 0.000010 0.608224 0.224302 0.167414 0.000010 0.000010 0.000010 0.000010
0.000014 0.000010 0.820724 0.000010 0.143751 0.000010 0.000010 0.000010 0.035460
0.000010 0.000010 0.777465 0.000010 0.000010 0.000010 0.000010 0.000010 0.222465
0.000010 0.000010 0.000010 0.999920 0.000010 0.000010 0.000010 0.000010 0.000010
0.000010 0.400274 0.000010 0.394030 0.000010 0.000010 0.077303 0.000010 0.128342
0.254063 0.140376 0.000010 0.585719 0.019792 0.000010 0.000010 0.000010 0.000010
0.000010 0.000010 0.000010 0.625773 0.000010 0.000010 0.000010 0.000010 0.374157
0.385216 0.000010 0.000010 0.000010 0.000010 0.000010 0.614714 0.000010 0.000010
0.000010 0.000010 0.637889 0.000010 0.000010 0.000010 0.000010 0.046733 0.315317
0.000010 0.000010 0.000010 0.000010 0.000010 0.000010 0.000010 0.999920 0.000010
0.000010 0.000010 0.378502 0.000010 0.000010 0.000010 0.000010 0.152825 0.468613
0.000010 0.123524 0.000010 0.000010 0.000010 0.216183 0.000010 0.660233 0.000010
