0.000010 0.000010 0.000010 0.561157 0.000010 0.000010 0.000010 0.000010 0.000010 0.000010 0.000010 0.000010 0.438733
0.000010 0.000010 0.000010 0.999880 0.000010 0.000010 0.000010 0.000010 0.000010 0.000010 0.000010 0.000010 0.000010
0.329502 0.000010 0.000010 0.474219 0.000010 0.000010 0.000010 0.000010 0.000010 0.000010 0.000010 0.196179 0.000010
0.000010 0.000019 0.000010 0.000010 0.000010 0.000010 0.000010 0.000010 0.000010 0.000010 0.000010 0.000010 0.999871
0.000010 0.000010 0.000010 0.808205 0.000010 0.000010 0.000010 0.000010 0.000010 0.000010 0.000010 0.000010 0.191685
0.000010 0.000010 0.765054 0.234836 0.000010 0.000010 0.000010 0.000010 0.000010 0.000010 0.000010 0.000010 0.000010
0.429802 0.000010 0.027223 0.542872 0.000010 0.000010 0.000010 0.000010 0.000013 0.000010 0.000010 0.000010 0.000010
0.000010 0.000010 0.887280 0.112610 0.000010 0.000010 0.000010 0.000010 0.000010 0.000010 0.000010 0.000010 0.000010
0.000010 0.000010 0.000010 0.000010 0.000010 0.000010 0.000010 0.000010 0.000010 0.999880 0.000010 0.000010 0.000010
0.000010 0.000010 0.999880 0.000010 0.000010 0.000010 0.000010 0.000010 0.000010 0.000010 0.000010 0.000010 0.000010
0.000010 0.000010 0.999880 0.000010 0.000010 0.000010 0.000010 0.000010 0.000010 0.000010 0.000010 0.000010 0.000010
0.000010 0.000010 0.000010 0.000010 0.000010 0.000010 0.000010 0.000010 0.000010 0.000010 0.395483 0.000010 0.604407
0.174576 0.000010 0.663216 0.000010 0.000010 0.000010 0.162108 0.000010 0.000010 0.000010 0.000010 0.000010 0.000010
0.000010 0.000010 0.908173 0.000013 0.000010 0.000010 0.000010 0.000010 0.091714 0.000010 0.000010 0.000010 0.000010
0.000010 0.000010 0.999880 0.000010 0.000010 0.000010 0.000010 0.000010 0.000010 0.000010 0.000010 0.000010 0.000010
0.436478 0.000010 0.454874 0.108548 0.000010 0.000010 0.000010 0.000010 0.000010 0.000010 0.000010 0.000010 0.000010
0.192735 0.000010 0.630656 0.089087 0.000010 0.000010 0.060812 0.000010 0.000010 0.000010 0.000010 0.000010 0.026630
0.342660 0.000010 0.378104 0.000010 0.000010 0.000010 0.000010 0.000010 0.279136 0.000010 0.000010 0.000010 0.000010
0.000010 0.000010 0.877795 0.122095 0.000010 0.000010 0.000010 0.000010 0.000010 0.000010 0.000010 0.000010 0.000010
0.015072 0.000010 0.643226 0.018709 0.000010 0.053433 0.201184 0.000010 0.000010 0.000010 0.068306 0.000010 0.000010
0.000010 0.000010 0.999880 0.000010 0.000010 0.000010 0.000010 0.000010 0.000010 0.000010 0.000010 0.000010 0.000010
0.000010 0.000010 0.840749 0.091595 0.000010 0.000010 0.000010 0.000010 0.000010 0.000010 0.000010 0.067556 0.000010
0.015835 0.000010 0.000010 0.117388 0.000010 0.000010 0.156557 0.000010 0.000010 0.000010 0.710130 0.000010 0.000010
0.083416 0.000010 0.744921 0.072929 0.000010 0.000010 0.000010 0.000010 0.044508 0.000010 0.000010 0.000010 0.054146
0.000010 0.000010 0.000010 0.000012 0.000010 0.000010 0.000010 0.000010 0.000010 0.999878 0.000010 0.000010 0.000010
0.000010 0.000010 0.000010 0.000010 0.000010 0.000010 0.000010 0.000010 0.999880 0.000010 0.000010 0.000010 0.000010
0.000010 0.000013 0.000010 0.000010 0.000010 0.000010 0.000010 0.999877 0.000010 0.000010 0.000010 0.000010 0.000010
0.000010 0.000010 0.000010 0.000010 0.000010 0.000010 0.000010 0.000010 0.000010 0.000010 0.000010 0.000010 0.999880
0.000010 0.999870 0.000010 0.000010 0.000010 0.000010 0.000010 0.000020 0.000010 0.000010 0.000010 0.000010 0.000010
0.000010 0.000010 0.439780 0.000010 0.000010 0.000010 0.000010 0.000010 0.560110 0.000010 0.000010 0.000010 0.000010
0.000010 0.000010 0.839326 0.000010 0.000010 0.000010 0.000010 0.000010 0.000010 0.000011 0.000010 0.160563 0.000010
0.000010 0.999866 0.000010 0.000010 0.000010 0.000010 0.000010 0.000010 0.000015 0.000010 0.000019 0.000010 0.000010
0.000010 0.999880 0.000010 0.000010 0.000010 0.000010 0.000010 0.000010 0.000010 0.000010 0.000010 0.000010 0.000010
0.000010 0.000010 0.000010 0.000010 0.000010 0.000010 0.000010 0.000010 0.000010 0.999880 0.000010 0.000010 0.000010
0.000010 0.000010 0.000010 0.000010 0.000010 0.000010 0.000010 0.000010 0.999880 0.000010 0.000010 0.000010 0.000010
0.000010 0.000010 0.000010 0.000010 0.000010 0.000010 0.000010 0.999880 0.000010 0.000010 0.000010 0.000010 0.000010
0.000010 0.582449 0.000010 0.000010 0.000010 0.017868 0.000010 0.160176 0.000010 0.239417 0.000010 0.000010 0.000010
0.000010 0.000010 0.000010 0.000010 0.000010 0.000010 0.000010 0.000010 0.000010 0.999880 0.000010 0.000010 0.000010
0.000010 0.000010 0.000010 0.000010 0.000010 0.000010 0.000010 0.000010 0.999880 0.000010 0.000010 0.000010 0.000010
0.000010 0.000010 0.000010 0.000010 0.000010 0.000010 0.000010 0.000010 0.000010 0.999880 0.000010 0.000010 0.000010
0.000010 0.000010 0.000010 0.000010 0.000010 0.000010 0.000010 0.000010 0.999880 0.000010 0.000010 0.000010 0.000010
0.000010 0.000010 0.000010 0.000010 0.779305 0.000010 0.000010 0.000010 0.220585 0.000010 0.000010 0.000010 0.000010
0.000010 0.000010 0.000010 0.000010 0.000010 0.000010 0.000010 0.999880 0.000010 0.000010 0.000010 0.000010 0.000010
0.000010 0.000010 0.000010 0.000010 0.000017 0.000020 0.000010 0.999861 0.000012 0.000010 0.000010 0.000010 0.000010
0.000010 0.990206 0.009684 0.000010 0.000010 0.000010 0.000010 0.000010 0.000010 0.000010 0.000010 0.000010 0.000010
0.000010 0.000010 0.000010 0.000010 0.000019 0.000010 0.000010 0.999865 0.000017 0.000010 0.000010 0.000010 0.000010
0.000010 0.000010 0.000010 0.000010 0.000010 0.000010 0.000010 0.000013 0.000010 0.999877 0.000010 0.000010 0.000010
0.000010 0.000010 0.000010 0.000010 0.000010 0.000010 0.000010 0.000010 0.000010 0.999880 0.000010 0.000010 0.000010
0.000010 0.000010 0.000010 0.000010 0.000010 0.000010 0.000010 0.000010 0.999880 0.000010 0.000010 0.000010 0.000010
0.000010 0.999864 0.000018 0.000010 0.000010 0.000010 0.000010 0.000010 0.000010 0.000010 0.000019 0.000010 0.000010
0.000010 0.999877 0.000010 0.000010 0.000012 0.000010 0.000010 0.000010 0.000010 0.000011 0.000010 0.000010 0.000010
0.000010 0.999880 0.000010 0.000010 0.000010 0.000010 0.000010 0.000010 0.000010 0.000010 0.000010 0.000010 0.000010
0.000010 0.000010 0.000010 0.000010 0.000010 0.000010 0.000010 0.000010 0.900305 0.000010 0.062538 0.000010 0.037057
0.000010 0.000010 0.000010 0.000010 0.000010 0.000010 0.000010 0.999880 0.000010 0.000010 0.000010 0.000010 0.000010
0.000010 0.000010 0.000016 0.000010 0.000010 0.000010 0.000010 0.999874 0.000010 0.000010 0.000010 0.000010 0.000010
0.000010 0.000010 0.000010 0.000010 0.000010 0.000010 0.000010 0.999880 0.000010 0.000010 0.000010 0.000010 0.000010
0.000010 0.000010 0.000010 0.000010 0.999880 0.000010 0.000010 0.000010 0.000010 0.000010 0.000010 0.000010 0.000010
0.000010 0.000010 0.000010 0.000010 0.999880 0.000010 0.000010 0.000010 0.000010 0.000010 0.000010 0.000010 0.000010
0.000010 0.000010 0.000010 0.000010 0.999880 0.000010 0.000010 0.000010 0.000010 0.000010 0.000010 0.000010 0.000010
0.000010 0.000010 0.000010 0.000010 0.999878 0.000010 0.000010 0.000010 0.000011 0.000011 0.000010 0.000010 0.000010
0.000010 0.000010 0.000010 0.000010 0.999880 0.000010 0.000010 0.000010 0.000010 0.000010 0.000010 0.000010 0.000010
0.000010 0.000010 0.000010 0.000010 0.999880 0.000010 0.000010 0.000010 0.000010 0.000010 0.000010 0.000010 0.000010
0.000010 0.000010 0.454170 0.000010 0.000010 0.000010 0.545720 0.000010 0.000010 0.000010 0.000010 0.000010 0.000010
0.137540 0.000010 0.495012 0.140739 0.000010 0.000010 0.226618 0.000010 0.000010 0.000010 0.000010 0.000010 0.000010
0.000010 0.000010 0.000010 0.289492 0.000015 0.000016 0.000010 0.000010 0.000010 0.000010 0.000010 0.000010 0.710387
0.000010 0.000010 0.000010 0.534981 0.000010 0.000010 0.000010 0.000010 0.000010 0.000010 0.464909 0.000010 0.000010
0.713691 0.000010 0.000010 0.286199 0.000010 0.000010 0.000010 0.000010 0.000010 0.000010 0.000010 0.000010 0.000010
0.297714 0.000010 0.000010 0.123100 0.000010 0.000010 0.579086 0.000010 0.000010 0.000010 0.000010 0.000010 0.000010
0.307558 0.000010 0.000010 0.692332 0.000010 0.000010 0.000010 0.000010 0.000010 0.000010 0.000010 0.000010 0.000010
0.297282 0.000010 0.000010 0.108611 0.000010 0.000010 0.594007 0.000010 0.000010 0.000010 0.000010 0.000010 0.000010
0.734030 0.000010 0.000010 0.265860 0.000010 0.000010 0.000010 0.000010 0.000010 0.000010 0.000010 0.000010 0.000010
0.028678 0.000010 0.000010 0.925189 0.000010 0.000010 0.046033 0.000010 0.000010 0.000010 0.000010 0.000010 0.000010
0.187631 0.000010 0.000010 0.775263 0.000010 0.001076 0.000010 0.000010 0.000010 0.000010 0.035941 0.000010 0.000010
0.000010 0.000010 0.066231 0.686212 0.000010 0.000010 0.000010 0.000010 0.000010 0.000010 0.000010 0.000010 0.247457
0.000010 0.000010 0.000010 0.000010 0.000010 0.000010 0.998367 0.000010 0.000010 0.000010 0.001523 0.000010 0.000010
0.645259 0.000010 0.000010 0.091114 0.000010 0.000010 0.185185 0.000010 0.000010 0.000010 0.038331 0.000010 0.040030
0.613607 0.000010 0.000010 0.077310 0.000010 0.225343 0.083651 0.000010 0.000010 0.000010 0.000010 0.000010 0.000010
0.000010 0.000010 0.509097 0.467846 0.000010 0.000013 0.000010 0.000010 0.000010 0.000010 0.000010 0.000010 0.022955
0.096902 0.000010 0.000010 0.902988 0.000010 0.000010 0.000010 0.000010 0.000010 0.000010 0.000010 0.000010 0.000010
0.022500 0.000010 0.000010 0.700200 0.000010 0.000010 0.000010 0.000010 0.000010 0.000010 0.135996 0.000010 0.141215
0.195723 0.000010 0.000010 0.804167 0.000010 0.000010 0.000010 0.000010 0.000010 0.000010 0.000010 0.000010 0.000010
0.000010 0.000010 0.912753 0.087137 0.000010 0.000010 0.000010 0.000010 0.000010 0.000010 0.000010 0.000010 0.000010
0.000010 0.000010 0.000010 0.328601 0.000010 0.000010 0.000010 0.000010 0.000010 0.000010 0.000010 0.000010 0.671289
0.000010 0.000010 0.000010 0.000010 0.000010 0.000010 0.000010 0.000010 0.000010 0.073590 0.200873 0.000010 0.725437
0.000010 0.000010 0.000010 0.000010 0.000010 0.000010 0.000010 0.000010 0.000010 0.000010 0.999880 0.000010 0.000010
0.000010 0.000010 0.000010 0.000010 0.000010 0.000010 0.000010 0.000010 0.000010 0.000010 0.999880 0.000010 0.000010
0.000010 0.000010 0.000010 0.000010 0.000015 0.000010 0.000010 0.000010 0.000010 0.000010 0.751571 0.000010 0.248314
0.000010 0.000010 0.000010 0.000010 0.000010 0.000010 0.000010 0.000010 0.000010 0.000011 0.000010 0.000010 0.999879
0.000010 0.000010 0.000010 0.763600 0.000010 0.000010 0.000010 0.000010 0.000010 0.000010 0.000010 0.000010 0.236290
0.211125 0.000010 0.000010 0.000010 0.000010 0.000010 0.507469 0.000010 0.000010 0.000010 0.281306 0.000010 0.000010
0.235916 0.000010 0.000010 0.240231 0.000010 0.000010 0.467435 0.000010 0.000010 0.000010 0.000010 0.000010 0.056328
0.127686 0.000010 0.000010 0.674233 0.000010 0.000010 0.000010 0.000010 0.000010 0.000010 0.192278 0.000010 0.005713
0.664946 0.000010 0.000010 0.000010 0.000010 0.000010 0.000010 0.000010 0.000010 0.000010 0.334944 0.000010 0.000010
0.000010 0.000010 0.000010 0.385524 0.000010 0.000010 0.026291 0.000010 0.000010 0.000010 0.588086 0.000010 0.000010
0.000010 0.000010 0.000010 0.367639 0.000010 0.000010 0.000010 0.000010 0.000010 0.000010 0.000011 0.000010 0.632250
0.000010 0.000010 0.000010 0.000010 0.000010 0.000010 0.000010 0.000010 0.000010 0.000010 0.000010 0.000010 0.999880
0.000010 0.000010 0.000010 0.000010 0.000010 0.000010 0.000010 0.000010 0.000010 0.000010 0.999880 0.000010 0.000010
0.000010 0.000010 0.000010 0.205112 0.000010 0.000010 0.000010 0.000010 0.000010 0.051357 0.672213 0.000010 0.071228
0.000010 0.000010 0.000010 0.148731 0.000010 0.000010 0.000010 0.000011 0.000010 0.000012 0.000010 0.000010 0.851156
0.030234 0.000010 0.000010 0.413901 0.000010 0.009770 0.185364 0.000010 0.000010 0.000010 0.000010 0.000010 0.360651
0.000010 0.000010 0.000010 0.000010 0.000010 0.000010 0.075159 0.000010 0.000010 0.000010 0.909079 0.000010 0.015662
0.017367 0.000010 0.000010 0.000010 0.000010 0.000010 0.000010 0.000010 0.000010 0.000010 0.298238 0.000010 0.684295
0.000010 0.000010 0.000010 0.000010 0.000010 0.000010 0.000010 0.000010 0.000010 0.000017 0.999872 0.000011 0.000010
0.000010 0.000010 0.000010 0.000010 0.000010 0.000010 0.672408 0.000010 0.000010 0.000010 0.123339 0.000010 0.204153
0.000010 0.000010 0.000010 0.316395 0.000010 0.000010 0.000010 0.000010 0.000010 0.028483 0.000010 0.000010 0.655022
0.000010 0.000010 0.000010 0.000010 0.000010 0.000010 0.000010 0.000010 0.000010 0.000010 0.899827 0.000010 0.100063
0.261461 0.000010 0.000010 0.000010 0.000010 0.000010 0.000010 0.000010 0.000010 0.204196 0.503437 0.000010 0.030816
0.179309 0.000010 0.000010 0.371990 0.000010 0.000010 0.273261 0.000010 0.000010 0.000010 0.175350 0.000010 0.000010
0.000010 0.000010 0.859627 0.140263 0.000010 0.000010 0.000010 0.000010 0.000010 0.000010 0.000010 0.000010 0.000010
0.065538 0.000010 0.377744 0.284713 0.000010 0.000010 0.018812 0.000010 0.000010 0.008280 0.000010 0.180142 0.064711
0.000010 0.000010 0.000010 0.000010 0.000010 0.000010 0.000010 0.000010 0.000010 0.000010 0.852787 0.000010 0.147103
0.146580 0.000010 0.000010 0.000010 0.000010 0.000010 0.000010 0.000010 0.000010 0.000010 0.818400 0.000010 0.034921
0.000010 0.000010 0.000010 0.000010 0.000010 0.000014 0.000010 0.000010 0.000010 0.000010 0.779876 0.000010 0.220009
0.036810 0.000010 0.000010 0.396368 0.000010 0.015637 0.000010 0.000010 0.000010 0.005159 0.000010 0.000010 0.545946
0.000010 0.000010 0.000010 0.000010 0.000010 0.000010 0.000010 0.000010 0.000010 0.000010 0.999880 0.000010 0.000010
0.000010 0.000010 0.000010 0.000010 0.000010 0.000010 0.000010 0.000010 0.000010 0.000010 0.000010 0.000010 0.999880
0.000010 0.000010 0.000010 0.000010 0.000010 0.999880 0.000010 0.000010 0.000010 0.000010 0.000010 0.000010 0.000010
0.226222 0.000010 0.000010 0.581460 0.000010 0.000010 0.072892 0.000010 0.000010 0.000010 0.119336 0.000010 0.000010
0.000010 0.000010 0.000010 0.999880 0.000010 0.000010 0.000010 0.000010 0.000010 0.000010 0.000010 0.000010 0.000010
0.000010 0.000010 0.414883 0.211689 0.000010 0.000010 0.000011 0.000010 0.000010 0.000010 0.373327 0.000010 0.000010
0.022543 0.000010 0.000010 0.831105 0.000010 0.000010 0.078932 0.000010 0.000010 0.000010 0.000010 0.000010 0.067330
0.340281 0.000010 0.000010 0.000010 0.000010 0.659609 0.000010 0.000010 0.000010 0.000010 0.000010 0.000010 0.000010
0.999880 0.000010 0.000010 0.000010 0.000010 0.000010 0.000010 0.000010 0.000010 0.000010 0.000010 0.000010 0.000010
0.000010 0.000010 0.000010 0.000010 0.000010 0.999880 0.000010 0.000010 0.000010 0.000010 0.000010 0.000010 0.000010
0.000010 0.000010 0.000010 0.550075 0.000010 0.000010 0.000010 0.000010 0.000010 0.000010 0.449815 0.000010 0.000010
0.000010 0.000010 0.000010 0.000010 0.000010 0.000010 0.000010 0.000010 0.000010 0.000010 0.000010 0.000010 0.999880
0.000010 0.000010 0.000010 0.116820 0.000010 0.000010 0.000010 0.000010 0.000010 0.000010 0.104887 0.000010 0.778193
0.000010 0.000010 0.000010 0.000010 0.000010 0.000010 0.000010 0.000010 0.000010 0.000010 0.999880 0.000010 0.000010
0.000010 0.000010 0.000010 0.000010 0.000010 0.000010 0.000010 0.000010 0.000010 0.000010 0.288081 0.000010 0.711809
0.000010 0.000010 0.000010 0.000010 0.000010 0.000010 0.000010 0.000010 0.000010 0.000010 0.157097 0.000010 0.842793
0.000010 0.000010 0.000010 0.340991 0.000010 0.000010 0.000010 0.000010 0.000010 0.079481 0.567816 0.006924 0.004709
0.508301 0.000010 0.006245 0.485354 0.000010 0.000010 0.000010 0.000010 0.000010 0.000010 0.000010 0.000010 0.000010
0.341737 0.000010 0.000010 0.000010 0.000010 0.328616 0.063389 0.000010 0.000010 0.113799 0.086463 0.000010 0.065925
0.000010 0.000010 0.000010 0.000010 0.000010 0.000010 0.682681 0.000010 0.000010 0.000010 0.000010 0.317209 0.000010
0.723775 0.000010 0.000010 0.143872 0.000010 0.046030 0.000010 0.000010 0.000010 0.000010 0.086233 0.000010 0.000010
0.000010 0.000010 0.000010 0.000010 0.000010 0.000010 0.999880 0.000010 0.000010 0.000010 0.000010 0.000010 0.000010
0.070073 0.000010 0.000010 0.000010 0.000010 0.030032 0.000010 0.000011 0.000010 0.000010 0.074426 0.000010 0.825378
0.000010 0.000010 0.000010 0.000010 0.000010 0.000010 0.845387 0.000010 0.000010 0.000010 0.000010 0.154503 0.000010
0.000010 0.000010 0.000010 0.000010 0.000010 0.000010 0.000010 0.000010 0.000010 0.000010 0.999880 0.000010 0.000010
0.000010 0.000010 0.000010 0.000010 0.000010 0.000010 0.000010 0.000010 0.000010 0.000010 0.999880 0.000010 0.000010
0.091501 0.000010 0.224380 0.579046 0.000010 0.000010 0.104983 0.000010 0.000010 0.000010 0.000010 0.000010 0.000010
0.000010 0.000010 0.000010 0.156464 0.000010 0.000010 0.000010 0.000010 0.000010 0.000010 0.377482 0.000010 0.465954
0.312548 0.000010 0.000010 0.358970 0.000010 0.023137 0.000010 0.000010 0.000011 0.000010 0.000010 0.305254 0.000010
0.000010 0.000010 0.000010 0.000010 0.000010 0.000010 0.000010 0.000010 0.000010 0.000010 0.000010 0.000010 0.999880
0.000010 0.000010 0.000010 0.000010 0.000010 0.000010 0.821162 0.000010 0.000010 0.000010 0.000010 0.178728 0.000010
0.549147 0.000010 0.085273 0.018818 0.000010 0.000010 0.000010 0.000010 0.000010 0.000010 0.019181 0.327501 0.000010
0.000010 0.000010 0.000010 0.280457 0.000010 0.000010 0.466330 0.000010 0.000010 0.000010 0.253113 0.000010 0.000010
0.367843 0.000010 0.000010 0.376351 0.000010 0.000010 0.000010 0.000010 0.000010 0.000010 0.000010 0.000010 0.255706
0.125732 0.000010 0.508534 0.002481 0.000010 0.014777 0.223033 0.000010 0.000010 0.000010 0.114289 0.000010 0.011094
0.000010 0.000010 0.760985 0.000010 0.000010 0.000010 0.000010 0.000010 0.000010 0.000010 0.000010 0.238905 0.000010
0.123233 0.000010 0.086690 0.665055 0.000010 0.000010 0.000010 0.000010 0.000010 0.000010 0.000010 0.124933 0.000010
0.000010 0.000010 0.168806 0.183789 0.000010 0.000010 0.000010 0.000010 0.000010 0.000010 0.000010 0.647305 0.000010
0.000010 0.000010 0.000010 0.526975 0.000010 0.000010 0.000010 0.000010 0.000010 0.000010 0.270530 0.000010 0.202395
0.000010 0.000010 0.000010 0.486278 0.000010 0.000010 0.000010 0.000010 0.000010 0.000010 0.000010 0.000010 0.513612
0.000010 0.000010 0.000010 0.405455 0.000010 0.000010 0.000010 0.000010 0.000010 0.000010 0.594435 0.000010 0.000010
0.000010 0.000010 0.000010 0.072502 0.000010 0.000010 0.000010 0.000010 0.000010 0.000010 0.132800 0.000010 0.794598
0.447092 0.000010 0.000010 0.401314 0.000010 0.000010 0.000010 0.000010 0.000010 0.000010 0.000010 0.000010 0.151494
0.535918 0.000010 0.089435 0.196405 0.000010 0.000010 0.000010 0.000010 0.000010 0.000010 0.000010 0.000010 0.178153
0.000010 0.000010 0.000010 0.767958 0.000010 0.000010 0.000010 0.000010 0.000010 0.000010 0.231932 0.000010 0.000010
0.000010 0.000010 0.000010 0.000010 0.000010 0.000010 0.000010 0.000010 0.000010 0.000010 0.999880 0.000010 0.000010
0.092889 0.000010 0.000010 0.539372 0.000010 0.000010 0.250660 0.000010 0.000010 0.000010 0.105763 0.000010 0.011236
0.000010 0.000010 0.000010 0.999880 0.000010 0.000010 0.000010 0.000010 0.000010 0.000010 0.000010 0.000010 0.000010
0.441916 0.000010 0.000010 0.078182 0.000010 0.000010 0.000010 0.000010 0.040590 0.000015 0.280049 0.000010 0.159178
0.000010 0.000010 0.000010 0.000010 0.000010 0.000010 0.000010 0.000010 0.000010 0.000010 0.999880 0.000010 0.000010
0.067577 0.000010 0.000010 0.000010 0.000010 0.000010 0.932313 0.000010 0.000010 0.000010 0.000010 0.000010 0.000010
0.180339 0.000010 0.000010 0.394065 0.000010 0.000010 0.000010 0.000010 0.000010 0.000010 0.425496 0.000010 0.000010
0.000010 0.000010 0.000010 0.501560 0.000010 0.000010 0.000010 0.000010 0.000010 0.000010 0.498330 0.000010 0.000010
0.000010 0.000010 0.000010 0.189854 0.000010 0.000010 0.807242 0.000010 0.000010 0.000010 0.002804 0.000010 0.000010
0.000010 0.000010 0.000010 0.045013 0.000010 0.000010 0.000010 0.000010 0.000010 0.000010 0.000010 0.000010 0.954877
0.000010 0.000010 0.000010 0.000010 0.000010 0.000010 0.000010 0.000010 0.000010 0.000010 0.845495 0.000010 0.154395
0.000010 0.000010 0.000010 0.000010 0.000010 0.000010 0.000010 0.000010 0.000010 0.000010 0.000010 0.000010 0.999880
0.000010 0.000010 0.000010 0.000010 0.000010 0.000010 0.000010 0.000010 0.000010 0.000010 0.789496 0.000010 0.210394
0.000010 0.000010 0.000010 0.000010 0.000010 0.000010 0.000010 0.000010 0.000010 0.000010 0.000010 0.000010 0.999880
0.000010 0.000010 0.000010 0.211965 0.000010 0.000010 0.000018 0.000010 0.000010 0.000010 0.144182 0.000010 0.643746
0.000010 0.000010 0.000010 0.791801 0.000010 0.000010 0.000010 0.000010 0.000010 0.000010 0.020510 0.000010 0.187590
0.245946 0.000010 0.000010 0.431666 0.000010 0.000010 0.070208 0.000010 0.000010 0.000010 0.252090 0.000010 0.000010
0.000010 0.000010 0.000010 0.000010 0.000010 0.000010 0.999880 0.000010 0.000010 0.000010 0.000010 0.000010 0.000010
0.648674 0.000010 0.000010 0.237512 0.052554 0.000010 0.061170 0.000010 0.000010 0.000010 0.000010 0.000010 0.000010
0.083243 0.000010 0.000010 0.000010 0.000010 0.916643 0.000010 0.000010 0.000010 0.000015 0.000010 0.000010 0.000010
0.947661 0.000010 0.000010 0.000010 0.000010 0.000010 0.000010 0.000010 0.052229 0.000010 0.000010 0.000010 0.000010
0.526923 0.000010 0.000010 0.033214 0.000011 0.439759 0.000011 0.000010 0.000010 0.000010 0.000011 0.000010 0.000010
0.000010 0.000010 0.000010 0.000010 0.000010 0.000010 0.000010 0.000010 0.000010 0.000010 0.999880 0.000010 0.000010
0.000010 0.000010 0.000010 0.277549 0.000010 0.000010 0.722341 0.000010 0.000010 0.000010 0.000010 0.000010 0.000010
0.000010 0.000010 0.000010 0.277382 0.000010 0.000010 0.000010 0.000010 0.000010 0.000010 0.559636 0.000010 0.162882
0.129762 0.000010 0.282816 0.540390 0.000010 0.000010 0.000010 0.000010 0.000010 0.000010 0.046942 0.000010 0.000010
0.999880 0.000010 0.000010 0.000010 0.000010 0.000010 0.000010 0.000010 0.000010 0.000010 0.000010 0.000010 0.000010
0.000010 0.000010 0.000010 0.000010 0.000010 0.000010 0.000010 0.000010 0.000010 0.000010 0.000010 0.000010 0.999880
0.563426 0.000010 0.000010 0.254623 0.000010 0.000010 0.181851 0.000010 0.000010 0.000010 0.000010 0.000010 0.000010
0.095802 0.000010 0.000010 0.475004 0.000010 0.237110 0.191994 0.000010 0.000010 0.000010 0.000010 0.000010 0.000010
0.000010 0.000010 0.000010 0.000010 0.000010 0.000010 0.000010 0.000010 0.000010 0.000010 0.000010 0.999880 0.000010
0.000010 0.000010 0.000010 0.000010 0.000011 0.000012 0.872558 0.000010 0.000010 0.000010 0.000010 0.000010 0.127329
0.000010 0.000010 0.000010 0.114973 0.000010 0.000010 0.000010 0.000010 0.022418 0.000010 0.400876 0.000010 0.461643
0.000010 0.000010 0.000010 0.703348 0.000010 0.000010 0.192162 0.000010 0.000010 0.000010 0.104390 0.000010 0.000010
0.000010 0.000010 0.000010 0.000010 0.000010 0.000010 0.000010 0.000010 0.000010 0.000010 0.000010 0.999880 0.000010
0.098343 0.000010 0.000010 0.054471 0.000010 0.000010 0.124860 0.000010 0.000010 0.000010 0.193108 0.000010 0.529138
0.058043 0.000010 0.000010 0.760000 0.000010 0.000010 0.000010 0.000010 0.000010 0.000010 0.181857 0.000010 0.000010
0.174273 0.000010 0.000010 0.705747 0.000010 0.000010 0.028294 0.000010 0.000010 0.000010 0.091597 0.000010 0.000010
0.000010 0.000010 0.000010 0.000011 0.000010 0.000010 0.000010 0.000010 0.000010 0.000010 0.661771 0.000010 0.338118
0.000010 0.000010 0.000010 0.901958 0.000010 0.000010 0.097932 0.000010 0.000010 0.000010 0.000010 0.000010 0.000010
0.000010 0.000010 0.000010 0.999880 0.000010 0.000010 0.000010 0.000010 0.000010 0.000010 0.000010 0.000010 0.000010
0.000010 0.000010 0.000010 0.999880 0.000010 0.000010 0.000010 0.000010 0.000010 0.000010 0.000010 0.000010 0.000010
0.000010 0.000010 0.000010 0.319306 0.000010 0.000010 0.680584 0.000010 0.000010 0.000010 0.000010 0.000010 0.000010
0.040335 0.000010 0.637797 0.000010 0.000010 0.000010 0.321768 0.000010 0.000010 0.000010 0.000010 0.000010 0.000010
0.180131 0.000010 0.012879 0.806889 0.000010 0.000010 0.000010 0.000010 0.000010 0.000010 0.000010 0.000010 0.000010
0.000010 0.000010 0.000010 0.296538 0.000010 0.000010 0.000010 0.000010 0.000010 0.000010 0.703352 0.000010 0.000010
0.000010 0.000010 0.022005 0.000012 0.000010 0.000010 0.778931 0.000010 0.000010 0.000010 0.000010 0.000010 0.198963
0.000010 0.000010 0.000010 0.797214 0.000010 0.000010 0.000010 0.000010 0.000010 0.000010 0.202676 0.000010 0.000010
0.000010 0.000010 0.000010 0.000010 0.000010 0.000010 0.000010 0.000010 0.000010 0.000010 0.000010 0.000010 0.999880
0.079669 0.000010 0.000010 0.532838 0.000010 0.000010 0.000010 0.000010 0.000010 0.000010 0.387392 0.000010 0.000010
0.000010 0.000010 0.000010 0.033006 0.000010 0.000010 0.000010 0.000010 0.000010 0.000010 0.591699 0.000010 0.375195
0.000010 0.000010 0.000010 0.000010 0.000010 0.000010 0.000010 0.000010 0.000010 0.000010 0.205978 0.000010 0.793912
0.219973 0.000010 0.000010 0.378536 0.000010 0.000010 0.000010 0.000010 0.000010 0.000010 0.373787 0.000010 0.027615
0.321132 0.000010 0.000010 0.000010 0.000010 0.258855 0.097980 0.000010 0.000010 0.154376 0.048268 0.000010 0.119318
0.163554 0.000010 0.000010 0.000010 0.000010 0.447233 0.000010 0.000010 0.000010 0.098927 0.290196 0.000010 0.000010
0.000010 0.000011 0.000010 0.588182 0.000010 0.000010 0.000010 0.000010 0.000010 0.000010 0.000011 0.000010 0.411705
0.104344 0.000010 0.000010 0.659249 0.000010 0.000010 0.000010 0.000010 0.000010 0.000010 0.201440 0.000010 0.034877
0.225978 0.000010 0.000010 0.733563 0.000585 0.000010 0.000010 0.000010 0.000010 0.000010 0.000010 0.039784 0.000010
0.998118 0.000010 0.000010 0.000010 0.000010 0.000010 0.000010 0.000010 0.000010 0.000010 0.001772 0.000010 0.000010
0.322480 0.000010 0.000010 0.045926 0.000010 0.000010 0.000010 0.000010 0.000010 0.000010 0.201726 0.000010 0.429778
0.000010 0.000010 0.000010 0.000010 0.000010 0.714494 0.000010 0.000010 0.000010 0.207507 0.000010 0.000010 0.077899
0.924913 0.000010 0.000010 0.000010 0.000010 0.000010 0.000010 0.000010 0.000010 0.074977 0.000010 0.000010 0.000010
0.000010 0.000010 0.000010 0.668654 0.000010 0.000010 0.000010 0.000010 0.000010 0.000010 0.139206 0.000010 0.192040
0.621123 0.000014 0.000010 0.000011 0.000010 0.378758 0.000010 0.000010 0.000014 0.000010 0.000010 0.000010 0.000010
0.000010 0.000010 0.000010 0.000010 0.000010 0.999880 0.000010 0.000010 0.000010 0.000010 0.000010 0.000010 0.000010
0.620216 0.000010 0.000010 0.000010 0.000010 0.094621 0.000010 0.000010 0.000010 0.000010 0.156163 0.000010 0.128910
0.443326 0.000010 0.000010 0.013608 0.000010 0.542966 0.000010 0.000010 0.000010 0.000010 0.000010 0.000010 0.000010
0.320022 0.000010 0.000010 0.000010 0.000010 0.679868 0.000010 0.000010 0.000010 0.000010 0.000010 0.000010 0.000010
0.438759 0.000010 0.000010 0.000010 0.000010 0.561131 0.000010 0.000010 0.000010 0.000010 0.000010 0.000010 0.000010
0.000010 0.000010 0.000010 0.000010 0.000010 0.999880 0.000010 0.000010 0.000010 0.000010 0.000010 0.000010 0.000010
0.606724 0.000010 0.000010 0.000010 0.000010 0.040359 0.100249 0.000010 0.000010 0.013439 0.000010 0.000010 0.239150
0.743975 0.000010 0.070377 0.185548 0.000010 0.000010 0.000010 0.000010 0.000010 0.000010 0.000010 0.000010 0.000010
0.473909 0.000010 0.000010 0.017639 0.000010 0.000010 0.000010 0.000010 0.000010 0.194103 0.000010 0.314258 0.000010
0.854932 0.000010 0.000010 0.000010 0.000010 0.000010 0.000010 0.000010 0.000010 0.000010 0.144958 0.000010 0.000010
0.589474 0.000010 0.000011 0.000010 0.000010 0.410411 0.000013 0.000010 0.000010 0.000010 0.000010 0.000010 0.000010
0.995536 0.000010 0.000010 0.000010 0.000010 0.000010 0.000010 0.000010 0.000010 0.000010 0.004354 0.000010 0.000010
0.999880 0.000010 0.000010 0.000010 0.000010 0.000010 0.000010 0.000010 0.000010 0.000010 0.000010 0.000010 0.000010
0.816066 0.000010 0.000010 0.183824 0.000010 0.000010 0.000010 0.000010 0.000010 0.000010 0.000010 0.000010 0.000010
0.999880 0.000010 0.000010 0.000010 0.000010 0.000010 0.000010 0.000010 0.000010 0.000010 0.000010 0.000010 0.000010
0.000010 0.000010 0.000010 0.235499 0.000010 0.000010 0.197958 0.000010 0.000010 0.000010 0.561444 0.000010 0.005008
0.045975 0.000010 0.022291 0.282045 0.000010 0.000010 0.161114 0.000010 0.000010 0.000010 0.488496 0.000010 0.000010
0.000010 0.000010 0.000010 0.000010 0.000010 0.000010 0.000010 0.000010 0.000010 0.000010 0.999879 0.000011 0.000010
0.000010 0.000010 0.000010 0.664842 0.000010 0.000010 0.000010 0.000010 0.000010 0.000010 0.335048 0.000010 0.000010
0.999880 0.000010 0.000010 0.000010 0.000010 0.000010 0.000010 0.000010 0.000010 0.000010 0.000010 0.000010 0.000010
0.999880 0.000010 0.000010 0.000010 0.000010 0.000010 0.000010 0.000010 0.000010 0.000010 0.000010 0.000010 0.000010
0.458902 0.000010 0.000010 0.312180 0.000010 0.021775 0.000011 0.000010 0.000010 0.000010 0.207052 0.000010 0.000010
0.323422 0.000010 0.000010 0.368810 0.000010 0.000017 0.023350 0.000010 0.000010 0.000010 0.190072 0.000010 0.094259
0.349995 0.000010 0.000010 0.462169 0.000010 0.000010 0.000010 0.000010 0.187736 0.000010 0.000010 0.000010 0.000010
0.324633 0.000010 0.000010 0.000010 0.000010 0.000010 0.647011 0.000010 0.000010 0.000010 0.028255 0.000010 0.000010
0.174420 0.000011 0.000010 0.000010 0.000010 0.003111 0.217274 0.000010 0.000010 0.000010 0.567435 0.000010 0.037679
0.061892 0.000010 0.000010 0.609024 0.000010 0.000010 0.287344 0.000010 0.000010 0.000010 0.041649 0.000010 0.000010
0.181141 0.000010 0.000010 0.673639 0.000010 0.000010 0.000010 0.000010 0.000010 0.000010 0.074047 0.000010 0.071083
0.000010 0.000010 0.179639 0.820251 0.000010 0.000010 0.000010 0.000010 0.000010 0.000010 0.000010 0.000010 0.000010
0.000010 0.000019 0.841484 0.000010 0.000010 0.000010 0.000010 0.000010 0.158385 0.000019 0.000012 0.000010 0.000010
0.000010 0.000010 0.477709 0.000010 0.000010 0.000010 0.000010 0.000010 0.522181 0.000010 0.000010 0.000010 0.000010
0.000010 0.000010 0.000010 0.738493 0.000010 0.000010 0.000010 0.000010 0.000010 0.000010 0.000010 0.000010 0.261397
0.093967 0.000010 0.287791 0.180506 0.000010 0.073819 0.265199 0.000010 0.000010 0.050498 0.000010 0.029941 0.018229
0.368317 0.000010 0.171195 0.460388 0.000010 0.000010 0.000010 0.000010 0.000010 0.000010 0.000010 0.000010 0.000010
0.000010 0.000010 0.340766 0.016520 0.000010 0.000010 0.000010 0.000010 0.642614 0.000010 0.000010 0.000010 0.000010
0.000010 0.000010 0.786013 0.000010 0.000010 0.000010 0.000010 0.000010 0.213877 0.000010 0.000010 0.000010 0.000010
0.000010 0.046166 0.000010 0.514281 0.000010 0.167743 0.000010 0.000010 0.000010 0.000018 0.271711 0.000010 0.000010
0.000010 0.999880 0.000010 0.000010 0.000010 0.000010 0.000010 0.000010 0.000010 0.000010 0.000010 0.000010 0.000010
0.000010 0.000010 0.939709 0.000010 0.000010 0.000010 0.000020 0.000010 0.000010 0.060169 0.000010 0.000012 0.000010
0.000010 0.000010 0.911982 0.087908 0.000010 0.000010 0.000010 0.000010 0.000010 0.000010 0.000010 0.000010 0.000010
0.000010 0.000010 0.014662 0.000010 0.000010 0.000010 0.164912 0.000010 0.220173 0.496195 0.000010 0.000010 0.103978
0.113380 0.000010 0.000010 0.201005 0.000010 0.000010 0.000010 0.000010 0.685515 0.000010 0.000010 0.000010 0.000010
0.077055 0.000010 0.000010 0.000010 0.000010 0.000010 0.000010 0.000010 0.922835 0.000010 0.000010 0.000010 0.000010
0.000010 0.000010 0.000010 0.000010 0.000010 0.000010 0.000010 0.000010 0.999880 0.000010 0.000010 0.000010 0.000010
0.000010 0.000010 0.007678 0.922580 0.000010 0.000010 0.069642 0.000010 0.000010 0.000010 0.000010 0.000010 0.000010
0.000010 0.000010 0.000010 0.000010 0.000010 0.216074 0.783816 0.000010 0.000010 0.000010 0.000010 0.000010 0.000010
0.033387 0.000010 0.000010 0.433817 0.000010 0.082412 0.227897 0.000010 0.000010 0.000010 0.000010 0.000010 0.222406
0.000010 0.000010 0.048361 0.438231 0.000010 0.000010 0.513308 0.000010 0.000010 0.000010 0.000010 0.000010 0.000010
0.000010 0.000010 0.000010 0.000010 0.000010 0.000010 0.000010 0.000010 0.000010 0.000010 0.616954 0.000010 0.382936
0.000010 0.000010 0.000010 0.000010 0.000010 0.000010 0.000010 0.000010 0.999880 0.000010 0.000010 0.000010 0.000010
0.000010 0.999875 0.000011 0.000010 0.000012 0.000010 0.000010 0.000010 0.000012 0.000010 0.000010 0.000010 0.000010
0.000010 0.069596 0.219867 0.000010 0.000014 0.000010 0.000010 0.000010 0.710434 0.000010 0.000010 0.000010 0.000010
0.000010 0.618606 0.000010 0.000010 0.000010 0.000010 0.000010 0.198790 0.000010 0.182504 0.000010 0.000010 0.000010
