0.524534 0.000010 0.000010 0.000010 0.000010 0.000010 0.000010 0.475406
0.999930 0.000010 0.000010 0.000010 0.000010 0.000010 0.000010 0.000010
0.382066 0.000010 0.029744 0.059128 0.000010 0.000010 0.529022 0.000010
0.000010 0.000010 0.000010 0.000010 0.000010 0.000010 0.000010 0.999930
0.748044 0.000010 0.000010 0.000010 0.000010 0.000010 0.000010 0.251896
0.330678 0.000010 0.000010 0.669262 0.000010 0.000010 0.000010 0.000010
0.546738 0.000010 0.000010 0.000010 0.000010 0.000010 0.453202 0.000010
0.176765 0.000010 0.000010 0.823175 0.000010 0.000010 0.000010 0.000010
0.000010 0.066637 0.898443 0.000010 0.011324 0.000010 0.023556 0.000010
0.000010 0.000010 0.000010 0.999930 0.000010 0.000010 0.000010 0.000010
0.000010 0.000010 0.000010 0.999930 0.000010 0.000010 0.000010 0.000010
0.000010 0.390628 0.000010 0.000010 0.000010 0.000010 0.000010 0.609312
0.191471 0.000010 0.000010 0.623121 0.000010 0.000010 0.185358 0.000010
0.000010 0.000010 0.000010 0.999930 0.000010 0.000010 0.000010 0.000010
0.000010 0.000010 0.000010 0.999930 0.000010 0.000010 0.000010 0.000010
0.352247 0.000010 0.000010 0.263098 0.000010 0.000010 0.384606 0.000010
0.263417 0.000010 0.000010 0.544252 0.000010 0.000010 0.165713 0.026578
0.000010 0.000010 0.000010 0.665649 0.000010 0.000010 0.334291 0.000010
0.261380 0.000010 0.000010 0.738560 0.000010 0.000010 0.000010 0.000010
0.263558 0.066991 0.000010 0.592672 0.039412 0.000010 0.037337 0.000010
0.000010 0.000010 0.000010 0.999930 0.000010 0.000010 0.000010 0.000010
0.146318 0.000010 0.000010 0.853622 0.000010 0.000010 0.000010 0.000010
0.272705 0.727235 0.000010 0.000010 0.000010 0.000010 0.000010 0.000010
0.121314 0.000010 0.000010 0.752488 0.000010 0.000010 0.073885 0.052273
0.000010 0.128667 0.841205 0.000010 0.030078 0.000010 0.000010 0.000010
0.000010 0.000010 0.703428 0.274966 0.000010 0.000010 0.021556 0.000010
0.000010 0.000010 0.000010 0.000010 0.000010 0.999930 0.000010 0.000010
0.000010 0.000010 0.000010 0.000010 0.000010 0.000010 0.000010 0.999930
0.000010 0.000010 0.000010 0.000010 0.000010 0.999930 0.000010 0.000010
0.000010 0.000010 0.000010 0.999930 0.000010 0.000010 0.000010 0.000010
0.000010 0.000010 0.000010 0.999930 0.000010 0.000010 0.000010 0.000010
0.000010 0.000010 0.000010 0.000010 0.000010 0.999930 0.000010 0.000010
0.000010 0.000010 0.000010 0.000010 0.000010 0.999930 0.000010 0.000010
0.028786 0.079901 0.611170 0.000010 0.093449 0.186665 0.000010 0.000010
0.000010 0.000010 0.658711 0.282928 0.000010 0.000010 0.058311 0.000010
0.000010 0.000010 0.000010 0.000010 0.000010 0.999930 0.000010 0.000010
0.000010 0.000010 0.058722 0.000010 0.100386 0.840843 0.000010 0.000010
0.000010 0.000010 0.882671 0.000010 0.000010 0.117269 0.000010 0.000010
0.000010 0.000010 0.852010 0.147930 0.000010 0.000010 0.000010 0.000010
0.000010 0.043134 0.956806 0.000010 0.000010 0.000010 0.000010 0.000010
0.000010 0.000010 0.835537 0.164403 0.000010 0.000010 0.000010 0.000010
0.000010 0.000010 0.999930 0.000010 0.000010 0.000010 0.000010 0.000010
0.000010 0.000010 0.000010 0.000010 0.000010 0.999930 0.000010 0.000010
0.000011 0.000010 0.000012 0.000014 0.000010 0.999923 0.000010 0.000010
0.000010 0.000010 0.000010 0.076818 0.000010 0.923122 0.000010 0.000010
0.000010 0.000010 0.000010 0.000010 0.000010 0.999930 0.000010 0.000010
0.000010 0.000010 0.999930 0.000010 0.000010 0.000010 0.000010 0.000010
0.000010 0.000010 0.999930 0.000010 0.000010 0.000010 0.000010 0.000010
0.000010 0.000010 0.616648 0.383292 0.000010 0.000010 0.000010 0.000010
0.000010 0.000010 0.000010 0.000010 0.000010 0.999930 0.000010 0.000010
0.000010 0.000010 0.000010 0.000010 0.000010 0.999930 0.000010 0.000010
0.000010 0.000010 0.000010 0.000010 0.000010 0.999930 0.000010 0.000010
0.000010 0.000010 0.836587 0.116414 0.000010 0.000010 0.000010 0.046949
0.000010 0.000010 0.000010 0.000010 0.000010 0.999930 0.000010 0.000010
0.000010 0.000010 0.000010 0.000010 0.000010 0.999930 0.000010 0.000010
0.000010 0.000010 0.000010 0.000010 0.000010 0.999930 0.000010 0.000010
0.000010 0.000010 0.999930 0.000010 0.000010 0.000010 0.000010 0.000010
0.000010 0.000010 0.999930 0.000010 0.000010 0.000010 0.000010 0.000010
0.000010 0.000010 0.999930 0.000010 0.000010 0.000010 0.000010 0.000010
0.000010 0.000010 0.999930 0.000010 0.000010 0.000010 0.000010 0.000010
0.000010 0.000010 0.999930 0.000010 0.000010 0.000010 0.000010 0.000010
0.000010 0.000010 0.999930 0.000010 0.000010 0.000010 0.000010 0.000010
0.269623 0.000010 0.000010 0.730317 0.000010 0.000010 0.000010 0.000010
0.309742 0.000010 0.000010 0.563699 0.000017 0.000010 0.126502 0.000010
0.254643 0.000010 0.000010 0.000010 0.000010 0.000010 0.000010 0.745297
0.514374 0.436929 0.000010 0.000010 0.000010 0.000010 0.000010 0.048647
0.347364 0.000010 0.000010 0.000010 0.000010 0.000010 0.652576 0.000010
0.648687 0.147072 0.000010 0.000010 0.000010 0.000010 0.204191 0.000010
0.761065 0.000010 0.000013 0.000014 0.000010 0.000010 0.238869 0.000010
0.649416 0.140849 0.000010 0.000010 0.000010 0.000010 0.209686 0.000010
0.272007 0.000010 0.000010 0.000010 0.000010 0.000010 0.727933 0.000010
0.999930 0.000010 0.000010 0.000010 0.000010 0.000010 0.000010 0.000010
0.798578 0.028518 0.000010 0.000010 0.012180 0.000010 0.160683 0.000010
0.641191 0.000010 0.000010 0.066513 0.000010 0.000010 0.000010 0.292247
0.732722 0.149434 0.000010 0.000010 0.117794 0.000010 0.000010 0.000010
0.241499 0.111919 0.000010 0.000010 0.000010 0.000010 0.624913 0.021629
0.134432 0.000010 0.000010 0.000010 0.235440 0.000010 0.630078 0.000010
0.521487 0.000010 0.000010 0.412826 0.000011 0.000010 0.000010 0.065637
0.921863 0.000010 0.000010 0.000010 0.000010 0.000010 0.078077 0.000010
0.705142 0.102310 0.000010 0.000010 0.000010 0.000010 0.006746 0.185762
0.824224 0.000010 0.000010 0.000010 0.000010 0.000010 0.175716 0.000010
0.238340 0.000010 0.000010 0.761600 0.000010 0.000010 0.000010 0.000010
0.286885 0.000010 0.000010 0.000018 0.000010 0.000010 0.000010 0.713047
0.000010 0.265578 0.000010 0.000010 0.003019 0.000010 0.000010 0.731353
0.000010 0.999930 0.000010 0.000010 0.000010 0.000010 0.000010 0.000010
0.000010 0.999930 0.000010 0.000010 0.000010 0.000010 0.000010 0.000010
0.000010 0.751487 0.000010 0.000010 0.000010 0.000010 0.000010 0.248453
0.000010 0.000010 0.000010 0.000010 0.000010 0.000010 0.000010 0.999930
0.704830 0.000010 0.000010 0.000010 0.000010 0.000010 0.000010 0.295110
0.285994 0.368027 0.000010 0.000010 0.053237 0.000010 0.292702 0.000010
0.700891 0.113461 0.000010 0.000010 0.000010 0.000010 0.185598 0.000010
0.719217 0.166491 0.000010 0.000010 0.000011 0.000010 0.100007 0.014244
0.000010 0.343168 0.000010 0.000010 0.000010 0.000010 0.656772 0.000010
0.421639 0.578301 0.000010 0.000010 0.000010 0.000010 0.000010 0.000010
0.324279 0.000010 0.000010 0.000010 0.000010 0.000010 0.000010 0.675661
0.000010 0.000010 0.000010 0.000010 0.000010 0.000010 0.000010 0.999930
0.000010 0.999930 0.000010 0.000010 0.000010 0.000010 0.000010 0.000010
0.154551 0.707302 0.000010 0.000010 0.000010 0.000010 0.000010 0.138097
0.123690 0.000010 0.000010 0.000010 0.000010 0.000010 0.000010 0.876250
0.580521 0.000010 0.000010 0.000010 0.033912 0.000010 0.033655 0.351872
0.000010 0.966465 0.000010 0.000012 0.000010 0.000010 0.000010 0.033473
0.000010 0.305949 0.000010 0.000010 0.000010 0.000010 0.000010 0.693991
0.000010 0.999930 0.000010 0.000010 0.000010 0.000010 0.000010 0.000010
0.150353 0.277098 0.000010 0.287881 0.000010 0.000010 0.000010 0.284628
0.301396 0.000010 0.000010 0.000010 0.000010 0.000010 0.000010 0.698544
0.000010 0.901459 0.000010 0.000010 0.000010 0.000010 0.000010 0.098481
0.000010 0.529081 0.172533 0.000010 0.000019 0.000010 0.254819 0.043518
0.642403 0.169770 0.000010 0.000010 0.061323 0.000018 0.126455 0.000010
0.305105 0.000010 0.000010 0.694835 0.000010 0.000010 0.000010 0.000010
0.305665 0.000010 0.116454 0.374149 0.000010 0.000010 0.132213 0.071489
0.000010 0.853199 0.000010 0.000010 0.000010 0.000010 0.000010 0.146741
0.000010 0.826277 0.000010 0.000010 0.000010 0.000010 0.140390 0.033283
0.000010 0.769633 0.000010 0.000010 0.000010 0.000010 0.000010 0.230307
0.391419 0.000010 0.000010 0.000010 0.024160 0.000010 0.017919 0.566462
0.000010 0.999930 0.000010 0.000010 0.000010 0.000010 0.000010 0.000010
0.000010 0.000010 0.000010 0.000010 0.000010 0.000010 0.000010 0.999930
0.000010 0.000010 0.000010 0.000010 0.999930 0.000010 0.000010 0.000010
0.661132 0.129831 0.000010 0.000010 0.000010 0.000010 0.208987 0.000010
0.999930 0.000010 0.000010 0.000010 0.000010 0.000010 0.000010 0.000010
0.270873 0.379415 0.000015 0.349657 0.000010 0.000010 0.000010 0.000010
0.884266 0.000010 0.000010 0.000010 0.000010 0.000010 0.015588 0.100096
0.000010 0.000010 0.000010 0.000010 0.599676 0.000010 0.400264 0.000010
0.000010 0.000010 0.000010 0.000010 0.000010 0.000010 0.999930 0.000010
0.000010 0.000010 0.000010 0.000010 0.999930 0.000010 0.000010 0.000010
0.556298 0.443642 0.000010 0.000010 0.000010 0.000010 0.000010 0.000010
0.000013 0.000010 0.000010 0.000010 0.000010 0.000010 0.000010 0.999927
0.111580 0.094564 0.000010 0.000010 0.000010 0.000010 0.000010 0.793806
0.000010 0.999928 0.000012 0.000010 0.000010 0.000010 0.000010 0.000010
0.000010 0.288413 0.000010 0.000010 0.000010 0.000010 0.000010 0.711527
0.000010 0.136394 0.000010 0.000010 0.000010 0.000010 0.000010 0.863546
0.344095 0.562074 0.062397 0.000010 0.001082 0.000010 0.000010 0.030322
0.530318 0.000010 0.000010 0.000010 0.000010 0.000010 0.469622 0.000010
0.033655 0.111982 0.000010 0.000010 0.396232 0.000010 0.374133 0.083968
0.537769 0.000010 0.225765 0.236416 0.000010 0.000010 0.000010 0.000010
0.169545 0.089345 0.000010 0.000010 0.035053 0.000010 0.706018 0.000010
0.672927 0.118196 0.000010 0.173181 0.029996 0.000010 0.005669 0.000010
0.000010 0.073505 0.000010 0.000010 0.026343 0.000010 0.074470 0.825643
0.737329 0.012938 0.200348 0.049345 0.000010 0.000010 0.000010 0.000010
0.000010 0.999930 0.000010 0.000010 0.000010 0.000010 0.000010 0.000010
0.000010 0.999930 0.000010 0.000010 0.000010 0.000010 0.000010 0.000010
0.705198 0.000010 0.000010 0.176836 0.000010 0.000010 0.117916 0.000010
0.150298 0.373073 0.000010 0.000010 0.000010 0.000010 0.000010 0.476579
0.318310 0.000010 0.117519 0.000010 0.031829 0.000010 0.532301 0.000010
0.000010 0.000010 0.000010 0.000010 0.000010 0.000010 0.000010 0.999930
0.666510 0.000010 0.157191 0.147991 0.028268 0.000010 0.000010 0.000010
0.068234 0.033740 0.236769 0.123356 0.000010 0.000010 0.537870 0.000010
0.649570 0.282281 0.000010 0.000010 0.068099 0.000010 0.000010 0.000010
0.419856 0.000010 0.000010 0.000010 0.000010 0.000010 0.320315 0.259779
0.324926 0.148171 0.000010 0.402805 0.000634 0.000010 0.120632 0.002813
0.000010 0.000010 0.000010 0.999930 0.000010 0.000010 0.000010 0.000010
0.670196 0.000010 0.000010 0.192382 0.000010 0.000010 0.137372 0.000010
0.191180 0.000010 0.326193 0.482577 0.000010 0.000010 0.000010 0.000010
0.502001 0.259362 0.000010 0.000010 0.000010 0.000010 0.000010 0.238587
0.461184 0.000010 0.000010 0.000010 0.000010 0.000010 0.000010 0.538756
0.408395 0.591545 0.000010 0.000010 0.000010 0.000010 0.000010 0.000010
0.056271 0.115449 0.000010 0.000010 0.000010 0.000010 0.000010 0.828230
0.404775 0.000010 0.000010 0.000010 0.000010 0.000010 0.427958 0.167216
0.244792 0.000010 0.000010 0.000010 0.000010 0.000010 0.574962 0.180197
0.759543 0.220633 0.000010 0.000010 0.000010 0.000010 0.000010 0.019774
0.000010 0.999930 0.000010 0.000010 0.000010 0.000010 0.000010 0.000010
0.771537 0.127786 0.000010 0.000010 0.000010 0.000010 0.088158 0.012479
0.999930 0.000010 0.000010 0.000010 0.000010 0.000010 0.000010 0.000010
0.092440 0.281018 0.005181 0.000010 0.000010 0.000010 0.462191 0.159141
0.000010 0.999930 0.000010 0.000010 0.000010 0.000010 0.000010 0.000010
0.591740 0.209635 0.000010 0.000010 0.000010 0.000010 0.198575 0.000010
0.380285 0.433340 0.000010 0.000010 0.000010 0.000010 0.186325 0.000010
0.502912 0.497028 0.000010 0.000010 0.000010 0.000010 0.000010 0.000010
0.750066 0.134852 0.000010 0.087781 0.027262 0.000010 0.000010 0.000010
0.053861 0.000010 0.000010 0.000010 0.000010 0.000010 0.000010 0.946079
0.000024 0.847305 0.000010 0.000010 0.000010 0.000010 0.000010 0.152621
0.000010 0.000010 0.000010 0.000010 0.000010 0.000010 0.000010 0.999930
0.000010 0.787893 0.000010 0.000010 0.000010 0.000010 0.000010 0.212047
0.000010 0.000010 0.000010 0.000010 0.000010 0.000010 0.000010 0.999930
0.179981 0.137192 0.000010 0.000010 0.000010 0.000010 0.000010 0.682777
0.757989 0.023741 0.000010 0.000010 0.000010 0.000010 0.000010 0.218220
0.543494 0.258827 0.000010 0.000010 0.000010 0.000010 0.197629 0.000010
0.674534 0.102227 0.045329 0.151931 0.025949 0.000010 0.000010 0.000010
0.336904 0.000010 0.052858 0.000010 0.000010 0.000010 0.610188 0.000010
0.000010 0.000010 0.000010 0.000010 0.883540 0.000010 0.116400 0.000010
0.000010 0.000010 0.000010 0.000010 0.000010 0.000010 0.999930 0.000010
0.000010 0.006774 0.000010 0.000010 0.364204 0.000010 0.608882 0.020100
0.000010 0.999929 0.000011 0.000010 0.000010 0.000010 0.000010 0.000010
0.842311 0.028575 0.000010 0.100453 0.000010 0.000010 0.028622 0.000010
0.267810 0.550312 0.000010 0.000010 0.000010 0.000010 0.000010 0.181828
0.595456 0.041842 0.000010 0.244521 0.000010 0.000010 0.118141 0.000010
0.000010 0.000010 0.000010 0.000010 0.000010 0.000010 0.999930 0.000010
0.000010 0.000010 0.000010 0.000010 0.000010 0.000012 0.000010 0.999928
0.472833 0.000010 0.000010 0.000010 0.000010 0.000010 0.527107 0.000010
0.634845 0.009443 0.000010 0.000010 0.246508 0.000010 0.109164 0.000010
0.000010 0.018901 0.558649 0.136424 0.000010 0.000011 0.000010 0.285985
0.162908 0.155135 0.000010 0.436225 0.067039 0.000010 0.000010 0.178662
0.079107 0.406013 0.000014 0.000010 0.000013 0.000010 0.000010 0.514823
0.825534 0.130269 0.000010 0.000010 0.000010 0.000010 0.000010 0.044146
0.000010 0.000010 0.854969 0.144971 0.000010 0.000010 0.000010 0.000010
0.129965 0.218211 0.000010 0.000010 0.000010 0.000010 0.099284 0.552499
0.769014 0.174421 0.000010 0.000010 0.000010 0.000010 0.056515 0.000010
0.796809 0.056694 0.000010 0.000010 0.000010 0.000010 0.146448 0.000010
0.000010 0.655729 0.000010 0.000010 0.000010 0.000010 0.000010 0.344211
0.999930 0.000010 0.000010 0.000010 0.000010 0.000010 0.000010 0.000010
0.999930 0.000010 0.000010 0.000010 0.000010 0.000010 0.000010 0.000010
0.999930 0.000010 0.000010 0.000010 0.000010 0.000010 0.000010 0.000010
0.432474 0.059117 0.000010 0.374498 0.000010 0.000010 0.000010 0.133871
0.182943 0.000010 0.000010 0.752525 0.000010 0.000010 0.064482 0.000010
0.840813 0.000010 0.000010 0.000010 0.000010 0.000010 0.159127 0.000010
0.273753 0.695811 0.000010 0.000010 0.000010 0.000010 0.000010 0.030386
0.000010 0.103708 0.000010 0.587564 0.000010 0.000010 0.000010 0.308678
0.775205 0.184487 0.000010 0.000010 0.000010 0.000010 0.000010 0.040258
0.000010 0.000010 0.000010 0.000010 0.000010 0.000010 0.000010 0.999930
0.543057 0.389428 0.000010 0.000010 0.000010 0.000010 0.052834 0.014641
0.000010 0.598569 0.000010 0.000010 0.000010 0.000010 0.000010 0.401371
0.000010 0.194436 0.000010 0.000010 0.000010 0.000010 0.000010 0.805504
0.358655 0.370579 0.000010 0.000010 0.000010 0.000010 0.218925 0.051801
0.051764 0.068084 0.000010 0.000010 0.366932 0.000010 0.358633 0.154557
0.000010 0.280762 0.000010 0.000010 0.526987 0.000010 0.192200 0.000010
0.544367 0.000010 0.000010 0.000010 0.000010 0.000010 0.000010 0.455573
0.657390 0.197042 0.000010 0.000010 0.000010 0.000010 0.080179 0.065350
0.747571 0.000010 0.018595 0.000010 0.000010 0.000010 0.233785 0.000010
0.000010 0.042905 0.000010 0.000010 0.000010 0.000010 0.957035 0.000010
0.046170 0.211671 0.000010 0.000010 0.000010 0.000010 0.305433 0.436686
0.000010 0.000010 0.000010 0.000010 0.838532 0.000010 0.000010 0.161408
0.000010 0.000010 0.000010 0.000010 0.000010 0.000010 0.999930 0.000010
0.669971 0.102398 0.000010 0.000010 0.000010 0.000010 0.000010 0.227581
0.000010 0.000010 0.000010 0.000010 0.291731 0.000010 0.708209 0.000010
0.000010 0.000010 0.000010 0.000010 0.869940 0.000010 0.130000 0.000010
0.000010 0.171348 0.000010 0.000010 0.078306 0.000010 0.638309 0.111998
0.000010 0.000010 0.000010 0.000010 0.483933 0.000010 0.516007 0.000010
0.000010 0.000010 0.000010 0.000010 0.610776 0.000010 0.389164 0.000010
0.000010 0.000010 0.000010 0.000010 0.465411 0.000010 0.534529 0.000010
0.000010 0.000010 0.000010 0.000010 0.999930 0.000010 0.000010 0.000010
0.000010 0.000010 0.000010 0.000010 0.067088 0.000010 0.666325 0.266537
0.267739 0.000010 0.000010 0.000010 0.000010 0.000010 0.732201 0.000010
0.061694 0.000010 0.435348 0.000010 0.000010 0.000010 0.502908 0.000010
0.000010 0.158249 0.000010 0.000010 0.000010 0.000010 0.841691 0.000010
0.000010 0.000010 0.000010 0.000010 0.318857 0.000010 0.681083 0.000010
0.000010 0.007603 0.000010 0.000010 0.000010 0.000010 0.992337 0.000010
0.000010 0.000010 0.000010 0.000010 0.000010 0.000010 0.999930 0.000010
0.199328 0.000010 0.000010 0.000010 0.000010 0.000010 0.800612 0.000010
0.000013 0.000010 0.000010 0.000010 0.000010 0.000010 0.999927 0.000010
0.410327 0.589613 0.000010 0.000010 0.000010 0.000010 0.000010 0.000010
0.400847 0.492026 0.000010 0.027212 0.000010 0.000010 0.079875 0.000010
0.000010 0.999930 0.000010 0.000010 0.000010 0.000010 0.000010 0.000010
0.656072 0.317058 0.000010 0.000010 0.000010 0.000010 0.000010 0.026820
0.000010 0.000010 0.000010 0.000010 0.000010 0.000010 0.999930 0.000010
0.000010 0.000010 0.000010 0.000010 0.000010 0.000010 0.999930 0.000010
0.366415 0.194025 0.000010 0.000010 0.027828 0.000010 0.411692 0.000010
0.414376 0.190754 0.000010 0.000010 0.000010 0.000010 0.309192 0.085638
0.467256 0.000010 0.106785 0.000010 0.000010 0.000010 0.425908 0.000010
0.495616 0.147910 0.000010 0.000010 0.075206 0.000010 0.281229 0.000010
0.218438 0.610749 0.000010 0.000010 0.017858 0.000010 0.140574 0.012352
0.848169 0.052508 0.000010 0.000010 0.000010 0.000010 0.099273 0.000010
0.696623 0.062910 0.000010 0.000010 0.000010 0.000010 0.163112 0.077315
0.873570 0.000010 0.000010 0.126370 0.000010 0.000010 0.000010 0.000010
0.000010 0.000010 0.000010 0.999930 0.000010 0.000010 0.000010 0.000010
0.000010 0.000010 0.000010 0.999930 0.000010 0.000010 0.000010 0.000010
0.703127 0.000010 0.000010 0.000010 0.000010 0.000010 0.000010 0.296813
0.385969 0.000010 0.002751 0.354765 0.172580 0.000010 0.056661 0.027254
0.596560 0.000010 0.000010 0.089860 0.000010 0.000010 0.313530 0.000010
0.000010 0.000010 0.121822 0.878118 0.000010 0.000010 0.000010 0.000010
0.000010 0.000010 0.000010 0.999930 0.000010 0.000010 0.000010 0.000010
0.545132 0.200947 0.000010 0.000010 0.253872 0.000010 0.000010 0.000010
0.000010 0.000010 0.000010 0.000017 0.000010 0.999923 0.000010 0.000010
0.000010 0.000010 0.000010 0.999930 0.000010 0.000010 0.000010 0.000010
0.142157 0.000016 0.000010 0.857777 0.000010 0.000010 0.000010 0.000010
0.062089 0.048045 0.541486 0.114655 0.116739 0.000010 0.000010 0.116966
0.224667 0.000010 0.605750 0.000010 0.000010 0.000010 0.169533 0.000010
0.000010 0.000010 0.818343 0.036055 0.000010 0.000010 0.145551 0.000010
0.000010 0.000010 0.775977 0.223963 0.000010 0.000010 0.000010 0.000010
0.999930 0.000010 0.000010 0.000010 0.000010 0.000010 0.000010 0.000010
0.395245 0.076535 0.000010 0.128890 0.399291 0.000010 0.000010 0.000010
0.584008 0.000010 0.000010 0.000010 0.137639 0.000010 0.023705 0.254608
0.626249 0.000010 0.000010 0.373691 0.000010 0.000010 0.000010 0.000010
0.000010 0.614510 0.000010 0.000010 0.000010 0.000010 0.000010 0.385430
0.000010 0.000010 0.720689 0.279251 0.000010 0.000010 0.000010 0.000010
0.000010 0.000010 0.000010 0.000010 0.000010 0.999930 0.000010 0.000010
0.000010 0.000010 0.420704 0.441419 0.000010 0.137828 0.000010 0.000010
0.000010 0.000010 0.000010 0.000010 0.085012 0.914928 0.000010 0.000010
